26644741;292258122;1204992369;
26644741;1204992369;292258135;
26644741;292258135;1204992365;
26644741;1204992365;1204992366;
26644741;1204992366;292258132;
26644741;292258132;1204992347;
26644741;1204992347;292258134;
26644741;292258134;1204992367;
26644741;1204992367;292258131;
26644766;292258122;792698552;
26644766;792698552;242027523;
26644766;242027523;4552714417;
26644766;4552714417;242027521;
26644766;242027521;242027520;
26644766;242027520;242027517;
26644766;242027517;251059195;
26644766;251059195;251059196;
26644767;292258132;4552714483;
26644767;4552714483;4552714484;
26644767;4552714484;292258133;
26644767;292258133;4642460560;
26644767;4642460560;1392512873;
26644767;1392512873;4552714485;
26644767;4552714485;4552714486;
26644767;4552714486;1392512872;
26644767;1392512872;1392512892;
26644767;1392512892;1518699246;
26644767;1518699246;1392512870;
26644767;1392512870;4552714487;
26644767;4552714487;1392512882;
26644767;1392512882;1518698751;
26644767;1518698751;1518697702;
26644767;1518697702;1392512887;
26644767;1392512887;4552714488;
26644767;4552714488;1392512885;
26644767;1392512885;4552714489;
26644767;4552714489;1518696911;
26644767;1518696911;1518696588;
26644767;1518696588;4552714491;
26644767;4552714491;4552714490;
26644767;4552714490;1392512884;
26644767;1392512884;4552714492;
26644767;4552714492;1392512889;
26644767;1392512889;1392512890;
26644767;1392512890;1518696098;
26691136;292716107;292716035;
26691137;292716063;1204997171;
26691137;1204997171;292716027;
26691137;292716027;1204997195;
26691137;1204997195;292716064;
26691137;292716064;292716065;
26691137;292716065;292716066;
26691137;292716066;1204997145;
26691137;1204997145;292716067;
26691137;292716067;1204997175;
26691137;1204997175;292716077;
26691137;292716077;292716086;
26691137;292716086;1204997164;
26691137;1204997164;3130379356;
26691137;3130379356;292716093;
26691137;292716093;1204997137;
26691137;1204997137;292716103;
26691137;292716103;1204997141;
26691137;1204997141;292716107;
26691137;292716107;292716110;
26691137;292716110;292716063;
26691138;292716066;1204997173;
26691138;1204997173;292716112;
26691138;292716112;292716113;
26691138;292716113;292716114;
26691138;292716114;292716115;
26691138;292716115;292716116;
26691138;292716116;292716117;
26691138;292716117;1205005811;
26691138;1205005811;292716217;
26691138;292716217;292716205;
26691139;292716200;292716222;
26691139;292716222;1205005925;
26691139;1205005925;292716129;
26691139;292716129;292716130;
26691139;292716130;292716131;
26691139;292716131;292716132;
26691139;292716132;292716133;
26691139;292716133;292716134;
26691139;292716134;292716135;
26691139;292716135;1204997182;
26691139;1204997182;292716086;
26691140;292716205;292716203;
26691140;292716203;2232245576;
26691140;2232245576;1801524551;
26691140;1801524551;2232245571;
26691140;2232245571;292716188;
26691140;292716188;292716184;
26691140;292716184;292716179;
26691140;292716179;1801524543;
26691140;1801524543;292716169;
26691140;292716169;292716172;
26691140;292716172;292716191;
26691140;292716191;292716175;
26691140;292716175;1801524545;
26691140;1801524545;1801524546;
26691140;1801524546;1801524547;
26691140;1801524547;292716200;
26691140;292716200;292716210;
26691140;292716210;1801524549;
26691140;1801524549;292716205;
26697186;292782982;292782969;
26697186;292782969;292782970;
26697186;292782970;1518685551;
26697186;1518685551;292782977;
26697186;292782977;1518685010;
26697186;1518685010;292715810;
26712274;292716169;292963629;
26712274;292963629;3130379340;
26712274;3130379340;1207065516;
26712944;2232245576;2232245574;
26712944;2232245574;2232245573;
26712944;2232245573;292716139;
26712944;292716139;1205005858;
26712949;292970276;292970293;
26712949;292970293;292970137;
26712949;292970137;292970636;
26712949;292970636;292970250;
26712949;292970250;3278454385;
26712949;3278454385;292970201;
26712949;292970201;292970222;
26712949;292970222;292970211;
26712949;292970211;292970237;
26712949;292970237;1802287612;
26712949;1802287612;292970188;
26712949;292970188;1802287615;
26712949;1802287615;3278454387;
26712949;3278454387;292970152;
26712949;292970152;292970276;
26712951;292970211;3278454383;
26712951;3278454383;292970326;
26712951;292970326;292970356;
26712951;292970356;1205005918;
26712951;1205005918;292970401;
26712951;292970401;292970414;
26712951;292970414;292970453;
26712951;292970453;1204992449;
26712951;1204992449;292970528;
26712951;292970528;292970581;
26712951;292970581;292970616;
26712951;292970616;292716146;
26712951;292716146;2232245572;
26712951;2232245572;2232245575;
26712951;2232245575;2232245571;
26719820;293054306;293054308;
26719820;293054308;293054309;
26719820;293054309;293054311;
26719820;293054311;293054312;
26719820;293054312;293054314;
26719820;293054314;293054316;
26719820;293054316;293054321;
26719820;293054321;293054325;
26719820;293054325;293054328;
26719820;293054328;293054332;
26719820;293054332;293054336;
26719820;293054336;293054340;
26719820;293054340;293054348;
26719821;293054351;293054355;
26719821;293054355;293054358;
26719821;293054358;293054362;
26719821;293054362;293054367;
26719821;293054367;293054373;
26719821;293054373;293054375;
26719821;293054375;293054379;
26719821;293054379;293054382;
26719821;293054382;293054386;
26719821;293054386;293054389;
26719821;293054389;293054391;
26719821;293054391;293054392;
26719821;293054392;293054394;
26719821;293054394;293054395;
26719821;293054395;293054397;
26719821;293054397;4557039529;
26719821;4557039529;4557039530;
26719821;4557039530;293054400;
26719822;251059197;293054401;
26719822;293054401;293054403;
26719822;293054403;293054404;
26719822;293054404;293054406;
26719822;293054406;293054413;
26719822;293054413;293054422;
26719822;293054422;293054427;
26719822;293054427;293054428;
26719822;293054428;293054430;
26719822;293054430;292715985;
26764695;792698525;1204992446;
26764695;1204992446;1204992384;
26764695;1204992384;1204992339;
26764695;1204992339;1204992426;
26764695;1204992426;1204992445;
26764695;1204992445;1204992368;
26764695;1204992368;1204992362;
26764695;1204992362;1204992461;
26764695;1204992461;1204992404;
26764695;1204992404;1204992412;
26764695;1204992412;1204992364;
26764695;1204992364;1204992411;
26764695;1204992411;1204992337;
26764695;1204992337;1204992407;
26764695;1204992407;1204992419;
26764695;1204992419;1204992390;
26764695;1204992390;1204992409;
26764695;1204992409;1204992451;
26764695;1204992451;1440988889;
26764695;1440988889;1204992403;
26764695;1204992403;1204992414;
26764695;1204992414;1204992389;
26764695;1204992389;1204992346;
26764695;1204992346;1204992443;
26764695;1204992443;2232251440;
26764695;2232251440;1204992425;
26764695;1204992425;4551003118;
26764695;4551003118;1204992462;
26764695;1204992462;4551003119;
26764695;4551003119;1204992354;
26764695;1204992354;1204992352;
26764695;1204992352;1204992424;
26764695;1204992424;1204992421;
26764695;1204992421;1204992428;
26764695;1204992428;1204992385;
26764695;1204992385;1204992394;
26967956;295526638;295526639;
26967956;295526639;295526644;
26967956;295526644;295526645;
26967956;295526645;295526646;
26967956;295526646;295526647;
26967956;295526647;295526648;
26967956;295526648;295526649;
26967956;295526649;295526651;
26967956;295526651;295526652;
26967956;295526652;295526657;
26967956;295526657;295526658;
26967956;295526658;295526660;
26967956;295526660;295526661;
26967956;295526661;295526662;
26967956;295526662;295526663;
26967956;295526663;295526664;
26967956;295526664;295526665;
26967956;295526665;295526666;
26967956;295526666;295526667;
26967956;295526667;295526668;
26967956;295526668;295526669;
26967956;295526669;295526670;
26967956;295526670;4551003098;
26967956;4551003098;295526671;
26967956;295526671;295526672;
26967956;295526672;295526673;
26967956;295526673;295526674;
26967957;295526652;295526675;
26967957;295526675;293561753;
37017035;2889065503;3134151989;
37017035;3134151989;4541733453;
37017035;4541733453;293054348;
37017036;293054348;293054351;
37092520;431367957;431367955;
37092520;431367955;431367953;
37092520;431367953;3898740115;
37092520;3898740115;3898740113;
37092520;3898740113;431367948;
37092520;431367948;3898740114;
37092520;3898740114;431367947;
64454935;792698615;792698651;
64454935;792698651;792698607;
64454935;792698607;792698597;
64454935;792698597;792698559;
64454935;792698559;792698545;
64454935;792698545;792698637;
64454935;792698637;792698621;
64454935;792698621;792698589;
64454935;792698589;792698603;
64454935;792698603;792698565;
64454935;792698565;792698549;
64454935;792698549;792698643;
64454935;792698643;792698629;
64454935;792698629;792698593;
64454935;792698593;792698585;
64454935;792698585;792698541;
64454935;792698541;792698529;
64454935;792698529;792698616;
64454935;792698616;792698609;
64454935;792698609;792698564;
64454937;792698609;792698543;
64454937;792698543;792698557;
64454937;792698557;792698631;
64454937;792698631;792698536;
64454937;792698536;792698618;
64454937;792698618;792698587;
64454937;792698587;792698531;
64454937;792698531;792698494;
64454937;792698494;792698611;
64454937;792698611;792698601;
64454937;792698601;1204997168;
64454937;1204997168;1204997179;
64454937;1204997179;1204997149;
64454937;1204997149;1204997132;
64454937;1204997132;1204997144;
64454937;1204997144;1204997130;
64454937;1204997130;1204997199;
64454937;1204997199;3898740572;
64454937;3898740572;3927023052;
64454937;3927023052;1204997189;
64454937;1204997189;1204997183;
64454937;1204997183;1204997140;
64454938;792698618;792698627;
64454938;792698627;3130379347;
64454938;3130379347;3130379346;
64454938;3130379346;792698592;
64454938;792698592;792698583;
64454939;792698536;3130379348;
64454939;3130379348;792698577;
64454939;792698577;792698569;
64454939;792698569;792698523;
64454939;792698523;1723958660;
64454939;1723958660;3130379351;
64454939;3130379351;3130379341;
64454939;3130379341;3130379355;
64454939;3130379355;792698557;
64454940;1204992351;1204992341;
64454940;1204992341;792698599;
64454940;792698599;4552714458;
64454940;4552714458;4552714410;
64454940;4552714410;792698590;
64454940;792698590;792698547;
64454940;792698547;792698539;
64454940;792698539;3652918012;
64454940;3652918012;792698625;
64454940;792698625;792698615;
64454940;792698615;792698579;
64454940;792698579;792698571;
64454940;792698571;792698525;
64454941;792698580;4541733452;
64454941;4541733452;2889065502;
64454944;792698552;4552714412;
64454944;4552714412;792698645;
64454944;792698645;4552714416;
64454944;4552714416;792698633;
64454944;792698633;4552714415;
64454944;4552714415;792698562;
64454944;792698562;4552714411;
64454944;4552714411;4552714413;
64454944;4552714413;792698652;
64454944;792698652;792698639;
64454944;792698639;4552714428;
64454944;4552714428;4552714414;
64454944;4552714414;4552714429;
64454944;4552714429;4552714431;
64454944;4552714431;4552714433;
64454944;4552714433;4552714435;
64454944;4552714435;4552714437;
64454944;4552714437;4552714439;
64454944;4552714439;4552714418;
64454944;4552714418;792698599;
64454945;792698591;792698580;
64454946;2889065502;2889065503;
64454948;293054351;251059197;
64454948;251059197;4565333548;
64454948;4565333548;3108425118;
64454948;3108425118;3108425077;
64454948;3108425077;4176761946;
64454948;4176761946;251059196;
86254012;1129574564;1001203355;
86254012;1001203355;1001203358;
86254012;1001203358;1001203362;
86254012;1001203362;1518688868;
86254012;1518688868;1001203366;
86254012;1001203366;1518688769;
86254012;1518688769;1001203369;
86254012;1001203369;1518688497;
86254012;1518688497;1001197945;
86254012;1001197945;1518687538;
86254012;1518687538;1518686964;
97566454;292715974;1129574606;
97566454;1129574606;3134152015;
97566454;3134152015;1209742520;
97566454;1209742520;1129574609;
97566454;1129574609;1129574612;
97566454;1129574612;1129574613;
97566454;1129574613;1209742510;
97566454;1209742510;1129574615;
97566454;1129574615;1129574617;
97566454;1129574617;1209742517;
97566454;1209742517;1129574619;
97566454;1129574619;1518692973;
97566454;1518692973;1129574620;
97566454;1129574620;1129574622;
97566454;1129574622;2259915747;
100199241;1801524489;1801524508;
100199241;1801524508;1158183943;
100199241;1158183943;2456495675;
100199241;2456495675;1158183940;
100199241;1158183940;292716197;
100199241;292716197;1801524547;
103364189;1801524545;292716193;
103364189;292716193;1193634988;
103364189;1193634988;1193634960;
103364189;1193634960;3602668000;
103364189;3602668000;1801524487;
103364189;1801524487;1801524476;
104434745;1204992399;1204992355;
104434745;1204992355;1204992391;
104434745;1204992391;1204992387;
104434745;1204992387;1204992408;
104434745;1204992408;1204992380;
104434745;1204992380;1204992435;
104434745;1204992435;1204992332;
104434745;1204992332;1204992356;
104434746;1204992345;1204992376;
104434746;1204992376;1204992393;
104434749;1204992400;1204992415;
104434749;1204992415;1204992393;
104434749;1204992393;1204992449;
104435504;1204997142;1204997138;
104435504;1204997138;1204997156;
104435505;3108425067;1204997163;
104435505;1204997163;3146431583;
104435505;3146431583;1204997174;
104435505;1204997174;1204997129;
104435505;1204997129;1204997203;
104435505;1204997203;1204997155;
104435507;292716027;1204997178;
104435507;1204997178;1204997140;
104436986;3146416136;1205005832;
104436986;1205005832;1205005863;
104436987;1205005836;1205005834;
104436988;1205005891;1205005901;
104436988;1205005901;1205005902;
104436988;1205005902;1205005920;
104436988;1205005920;1205005896;
104436988;1205005896;1205005819;
104436988;1205005819;1205005792;
104436988;1205005792;1205005936;
104436988;1205005936;1205005898;
104436988;1205005898;1205005809;
104436988;1205005809;1205005891;
104436988;1205005891;293561820;
104436990;1205005927;2456505981;
104436990;2456505981;1205005785;
104436991;1205005782;1205005784;
104436991;1205005784;1205005923;
104436992;1205005865;1205005889;
104436993;1205005932;3652907009;
104436993;3652907009;1205005770;
104436994;1205005925;1205005816;
104436994;1205005816;1205005806;
104436994;1205005806;1205005913;
104436994;1205005913;1205005804;
104436994;1205005804;1158183940;
104436995;1205005790;1205005807;
104436995;1205005807;1205005904;
104436996;1205005870;1205005825;
104436996;1205005825;1205005834;
104436996;1205005834;1205005932;
104436996;1205005932;3652908352;
104436996;3652908352;1205005918;
104436997;1205005873;1205005768;
104436998;1205005889;1205005873;
104436999;1205005872;1205005868;
104436999;1205005868;1205005767;
104437000;1205005843;1205005787;
104437000;1205005787;1205005841;
104437000;1205005841;1205005939;
104437000;1205005939;1205005916;
104437000;1205005916;1205005847;
104437000;1205005847;1205005796;
104437000;1205005796;1205005860;
104437000;1205005860;1205005849;
104437000;1205005849;1205005893;
104639185;293561761;293561766;
104639185;293561766;293561767;
104639185;293561767;293561768;
104639185;293561768;1204992356;
104639185;1204992356;293561769;
104639185;293561769;293561770;
104639185;293561770;293561771;
104639185;293561771;295526674;
104639185;295526674;293561772;
104639185;293561772;293561773;
104639185;293561773;293561774;
104639185;293561774;293561775;
104639185;293561775;293561776;
104639185;293561776;293561777;
104639185;293561777;293561778;
104639185;293561778;293561780;
104639185;293561780;293561781;
104639185;293561781;293561782;
104639185;293561782;293561783;
104639185;293561783;293561784;
104639185;293561784;293561785;
104639185;293561785;293561786;
104639185;293561786;293561788;
104639185;293561788;293561789;
104639185;293561789;293561790;
104639185;293561790;293561791;
104639185;293561791;293561792;
104639185;293561792;293561793;
104639185;293561793;293561794;
104639185;293561794;3146277562;
104639185;3146277562;293561795;
104639185;293561795;293561796;
104639185;293561796;3146277560;
104639185;3146277560;293561797;
104639185;293561797;293561798;
104639185;293561798;3146277558;
104639185;3146277558;292963504;
104909737;292716036;292716037;
104909737;292716037;292716038;
104909737;292716038;292716039;
104909737;292716039;292716040;
104909737;292716040;292716041;
104909737;292716041;292716047;
104909737;292716047;3130379349;
104909737;3130379349;2889065509;
104909737;2889065509;3108425094;
104909741;292716035;292716036;
104909742;292716024;1209742525;
104909750;1209742525;1204997161;
104909750;1204997161;292716027;
130922012;1440988980;1440988952;
130922012;1440988952;1440988932;
130922012;1440988932;1440988964;
130922012;1440988964;1440988981;
130922012;1440988981;1440989113;
130922012;1440989113;1440989126;
130922012;1440989126;1440989127;
130922012;1440989127;1440989153;
130922012;1440989153;1440989159;
130922047;1204992404;1440988892;
130922047;1440988892;4552714396;
130922047;4552714396;4552714397;
130922047;4552714397;4552714398;
130922047;4552714398;4552714399;
130922047;4552714399;4552714400;
130922047;4552714400;4552714401;
130922047;4552714401;4552714402;
130922047;4552714402;4552714403;
130922047;4552714403;4552714404;
130922047;4552714404;4552714405;
130922050;1204992403;1440988879;
130922050;1440988879;1440988845;
130922050;1440988845;1440988837;
130922050;1440988837;1440988833;
130922050;1440988833;1440988670;
130922050;1440988670;1440988660;
130922050;1440988660;1440988647;
130922050;1440988647;1440988642;
130922050;1440988642;1440988636;
130922050;1440988636;1440988622;
130922050;1440988622;1440988613;
130922050;1440988613;1440988584;
130922050;1440988584;1440988555;
130922050;1440988555;1440988521;
130922050;1440988521;1440988501;
130922050;1440988501;1440988454;
130922050;1440988454;1440988449;
130922050;1440988449;1440988447;
130922050;1440988447;1440988406;
130922050;1440988406;792698601;
130922060;1440988501;1440988442;
130922060;1440988442;1440988405;
130922077;1440988613;1440988653;
130922077;1440988653;1440988657;
130922087;1440988515;1440988516;
130922087;1440988516;1440988530;
130922087;1440988530;1440988550;
130922118;1440988454;1440988508;
130922118;1440988508;1440988515;
130922118;1440988515;1440988535;
130922118;1440988535;1440988561;
130922118;1440988561;1440988590;
130922129;1440988999;1440988992;
130922129;1440988992;1440988980;
130922129;1440988980;1440988976;
130922129;1440988976;1440988925;
130922129;1440988925;1440988924;
130922129;1440988924;1440988902;
130922129;1440988902;1440988889;
130922131;1204992419;4551003120;
130922131;4551003120;1440988916;
130922131;1440988916;1440988964;
130922131;1440988964;1440988998;
130922131;1440988998;1440988999;
130922131;1440988999;1440989004;
130922131;1440989004;1440989135;
130922131;1440989135;1440989166;
138504172;1518693632;1518693642;
138504172;1518693642;1518693857;
138504172;1518693857;1518693952;
138504172;1518693952;1518694177;
138504172;1518694177;1518694273;
138504172;1518694273;1518694528;
138504172;1518694528;1518694628;
138504172;1518694628;1518694717;
138504172;1518694717;1518694786;
138504172;1518694786;1518694858;
138504172;1518694858;1518694865;
138504172;1518694865;1518694880;
138504172;1518694880;1518695028;
138504172;1518695028;1518695043;
138504172;1518695043;1518695108;
138504172;1518695108;1518695177;
138504172;1518695177;1518695330;
138504189;1518696884;1518696919;
138504189;1518696919;1518697050;
138504189;1518697050;1518697088;
138504189;1518697088;1518697171;
138504189;1518697171;1518697178;
138504189;1518697178;1518697410;
138504189;1518697410;1518697543;
138504189;1518697543;1518697729;
138504189;1518697729;1518698035;
138504205;1518687226;1518687626;
138504205;1518687626;2115822357;
138504236;1518696098;1518696578;
138504236;1518696578;1518696747;
138504236;1518696747;1518696890;
138504236;1518696890;1518697550;
138504236;1518697550;1518698247;
138504236;1518698247;1518699058;
138504236;1518699058;1518699288;
138504236;1518699288;1518699300;
138504236;1518699300;1518699506;
138504241;1518687072;1518687224;
138504241;1518687224;1518687295;
138504241;1518687295;1518687439;
138504241;1518687439;1518688229;
138504241;1518688229;1518688468;
138504241;1518688468;1518688605;
138504241;1518688605;1518688652;
138504241;1518688652;1518688781;
138504241;1518688781;1518688829;
138504241;1518688829;1518688909;
138504241;1518688909;1518689117;
138504241;1518689117;1518689591;
138504247;1518701170;1518701191;
138504247;1518701191;1518701471;
138504247;1518701471;1518701586;
138504247;1518701586;1518701900;
138504247;1518701900;1518702013;
138504247;1518702013;1518702016;
138504247;1518702016;1518702043;
138504247;1518702043;1518702137;
138504247;1518702137;1518702326;
138504247;1518702326;1518702524;
138504247;1518702524;1518703572;
138504247;1518703572;1518703733;
138504247;1518703733;1518704417;
138504259;1518693510;1518694085;
138504259;1518694085;1518694222;
138504259;1518694222;1518694644;
138504259;1518694644;1518694726;
138504259;1518694726;1518694779;
138504259;1518694779;1518694732;
138504259;1518694732;1518694710;
138504259;1518694710;1518694940;
138504291;1518700675;1518700510;
138504291;1518700510;1518700144;
138504291;1518700144;1518699820;
138504291;1518699820;1518698867;
138504291;1518698867;1518698757;
138504291;1518698757;1518698277;
138504291;1518698277;1518698056;
138504291;1518698056;1518698238;
138504295;1001197946;1518685631;
138504295;1518685631;1518686415;
138504295;1518686415;1518686824;
138504295;1518686824;1518687068;
138504295;1518687068;1518687222;
138504295;1518687222;1518687447;
138504295;1518687447;2115822357;
138504295;2115822357;1518688255;
138504295;1518688255;1518688635;
138504295;1518688635;1518688900;
138504295;1518688900;1518689284;
138504295;1518689284;1518690201;
138504301;1518692175;1518692073;
138504301;1518692073;1518691943;
138504301;1518691943;1518691583;
138504301;1518691583;1518690900;
138504301;1518690900;1518690849;
138504301;1518690849;1518690533;
138504301;1518690533;1518690236;
138504301;1518690236;1518689959;
138504301;1518689959;1518689807;
138504301;1518689807;1518689606;
138504301;1518689606;1518689591;
138504321;1518701776;1518701646;
138504321;1518701646;1518701614;
138504321;1518701614;1518701629;
138504321;1518701629;1518701749;
138504321;1518701749;1518701824;
138504321;1518701824;1518702012;
138504321;1518702012;1518702035;
138504321;1518702035;1518701940;
138504321;1518701940;1518701596;
138504321;1518701596;1518701552;
138504321;1518701552;1518701383;
138504321;1518701383;1518701166;
138504321;1518701166;1518701082;
138504321;1518701082;1518701049;
138504321;1518701049;1518701089;
138504321;1518701089;1518701104;
138504321;1518701104;1518701179;
138504321;1518701179;1518701749;
138504333;1518699713;1518698314;
138504373;1518689284;2115822351;
138504390;1518696747;1518696757;
138504399;1518696578;1518696557;
138504478;1518692572;2084919189;
138504478;2084919189;1518692840;
138504478;1518692840;1518693161;
138504478;1518693161;2085710684;
138504478;2085710684;1518693396;
138504478;1518693396;1518693510;
138504478;1518693510;1518693741;
138504478;1518693741;1518693763;
138504478;1518693763;1518693756;
138504478;1518693756;1518693734;
138504478;1518693734;1518693632;
138504478;1518693632;1518693461;
138504478;1518693461;1518693381;
138504478;1518693381;1518693370;
138504478;1518693370;1518693027;
138504478;1518693027;1518692915;
138504478;1518692915;1518692824;
138504478;1518692824;1518692678;
138504478;1518692678;1518692561;
138504486;1518700368;1518700377;
138504486;1518700377;1518700393;
138504486;1518700393;1518700574;
138504486;1518700574;1518700665;
138504486;1518700665;1518700890;
138504486;1518700890;1518700973;
138504486;1518700973;1518701093;
138504486;1518701093;1518700945;
138504486;1518700945;1518700774;
138504486;1518700774;1518700749;
138504494;1518702672;1518702615;
138504494;1518702615;1518702627;
138504494;1518702627;1518702683;
138504494;1518702683;1518702749;
138504494;1518702749;1518702867;
138504494;1518702867;1518702872;
138504494;1518702872;1518702901;
138504494;1518702901;1518703145;
138504494;1518703145;1518703177;
138504494;1518703177;1518703266;
138504494;1518703266;1518703520;
138504494;1518703520;1518703573;
138504494;1518703573;1518703706;
138504494;1518703706;1518703710;
138504494;1518703710;1518703717;
138504494;1518703717;1518703795;
138504494;1518703795;1518703870;
138504494;1518703870;1518703869;
138504494;1518703869;1518703859;
138504494;1518703859;1518703874;
138504494;1518703874;1518703922;
138504510;1518700436;1518700650;
138504510;1518700650;1518700905;
138504523;1518686058;1518687071;
138504523;1518687071;1518687206;
138504555;1518687057;1518687135;
138504555;1518687135;1518687217;
138504595;1518686959;1518686946;
138504595;1518686946;1518686774;
138504605;1518695984;1518695622;
138504605;1518695622;1518695679;
138504646;1518699288;1518698870;
138504646;1518698870;1518698774;
138504646;1518698774;1518698314;
138504646;1518698314;1518698231;
138504646;1518698231;1518697415;
138504646;1518697415;1518697179;
138504646;1518697179;1518697075;
138504646;1518697075;1518697042;
138504646;1518697042;1518696899;
138504646;1518696899;1518696884;
138504646;1518696884;1518696881;
138504646;1518696881;1518696734;
138504646;1518696734;1518696729;
138504646;1518696729;1518696584;
138504646;1518696584;1518696557;
138504646;1518696557;1518696535;
138504646;1518696535;1518696296;
138504646;1518696296;1518696120;
138504646;1518696120;1518696115;
138504646;1518696115;1518695847;
138504646;1518695847;1518695828;
138504646;1518695828;1518695805;
138504646;1518695805;1518695796;
138504646;1518695796;1518695269;
138504646;1518695269;1518695264;
138504646;1518695264;1518694522;
138504646;1518694522;1518694403;
138504646;1518694403;1518694270;
138504646;1518694270;1518694157;
138504646;1518694157;1518694032;
138504646;1518694032;1518693921;
138504646;1518693921;1518693774;
138504646;1518693774;1518693598;
138504646;1518693598;1518693161;
138504698;1518686583;1518687520;
138504698;1518687520;1518687378;
138504698;1518687378;1518686425;
138504713;2115822349;1518690527;
138504713;1518690527;1518690327;
138504713;1518690327;1518690201;
138504745;1518691142;1518690888;
138504745;1518690888;1518690861;
138504745;1518690861;1518690963;
138504777;1518695796;1518696136;
138504777;1518696136;1518696143;
138504777;1518696143;1518696125;
138504794;1518691855;1518691930;
138504819;1518696410;1518696398;
138504819;1518696398;1518696287;
138504819;1518696287;1518696136;
138504840;1518697088;1518697060;
138504840;1518697060;1518697054;
138504840;1518697054;1518697071;
138504840;1518697071;1518697075;
138504841;1518702270;1518702350;
138504841;1518702350;1518702382;
138504841;1518702382;1518702507;
138504841;1518702507;1518702616;
138504843;1518692417;1518692023;
138504843;1518692023;1518691776;
138504843;1518691776;1518691548;
138504843;1518691548;1518691490;
138504844;1518693734;1518693852;
138504844;1518693852;1518694328;
138504844;1518694328;1518694406;
138504844;1518694406;1518694413;
138504846;1518690655;1518690647;
138504846;1518690647;1518690878;
138504846;1518690878;1518690980;
138504846;1518690980;1518691123;
138504846;1518691123;1518691349;
138504846;1518691349;1518691490;
138504846;1518691490;1518691614;
138504846;1518691614;1518691718;
138504846;1518691718;1518691735;
138504846;1518691735;1518691819;
138504846;1518691819;1518692214;
138504846;1518692214;1518692446;
138504846;1518692446;1518692665;
138504846;1518692665;1518692986;
138504846;1518692986;1518693275;
138504846;1518693275;1518693438;
138504846;1518693438;1518693931;
138504846;1518693931;1518694047;
138504846;1518694047;1518694206;
138504846;1518694206;1518694499;
138504846;1518694499;1518694624;
138504846;1518694624;1518694721;
138504846;1518694721;1518694793;
138504846;1518694793;1518694945;
138504846;1518694945;1518695098;
138504846;1518695098;1518695124;
138504846;1518695124;1518695321;
138504846;1518695321;1518695330;
138504846;1518695330;1518695356;
138504846;1518695356;1518695466;
138504846;1518695466;1518695552;
138504846;1518695552;1518695550;
138504846;1518695550;1518695536;
138504846;1518695536;1518695549;
138504846;1518695549;1518695599;
138504846;1518695599;1518695612;
138504846;1518695612;1518695686;
138504846;1518695686;1518695696;
138504846;1518695696;1518695699;
138504846;1518695699;1518695703;
138504846;1518695703;1518695798;
138504846;1518695798;1518695948;
138504846;1518695948;1518696125;
138504846;1518696125;1518696393;
138504846;1518696393;1518696410;
138504846;1518696410;1518696415;
138504846;1518696415;1518696427;
138504846;1518696427;4176736094;
138504846;4176736094;1518696694;
138504846;1518696694;1518696721;
138504846;1518696721;1518696729;
138504848;1129574615;1518692158;
138504848;1518692158;1518692058;
138504848;1518692058;1518691855;
138504849;1518690211;1518689600;
138504849;1518689600;1518689105;
138504849;1518689105;1518689037;
138504849;1518689037;1518688893;
138504849;1518688893;1518688829;
138504851;1518689564;1518690626;
138504851;1518690626;1518690821;
138504852;1518695192;1518695100;
138504852;1518695100;1518694657;
138504852;1518694657;1518694271;
138504852;1518694271;1518694213;
138504852;1518694213;1518693960;
138504854;1518695696;1518695613;
138504854;1518695613;1518695610;
138504854;1518695610;1518695557;
138504854;1518695557;1518695542;
138504854;1518695542;1518695197;
138504855;1518694792;1518695041;
138504855;1518695041;1518695247;
138504855;1518695247;1518695258;
138504855;1518695258;1518695315;
138504855;1518695315;1518695269;
138504862;1518688497;1518688442;
138504862;1518688442;1518688436;
138504862;1518688436;1518688277;
138504862;1518688277;1518688036;
138504862;1518688036;1518687131;
138504862;1518687131;1518687125;
138504863;1518701950;1518701561;
138504863;1518701561;1518700905;
138504863;1518700905;1518700663;
138504863;1518700663;1518700570;
138504863;1518700570;1518700406;
138504863;1518700406;1518699903;
138504868;1518691123;1518691843;
138504868;1518691843;1518691953;
138504868;1518691953;1518692263;
138504868;1518692263;1518692271;
138504868;1518692271;1518692463;
138504868;1518692463;1518693037;
138504868;1518693037;1518693168;
138504868;1518693168;1518693396;
138504872;1518693381;1518693155;
138504872;1518693155;1518692714;
138504872;1518692714;1518692561;
138504872;1518692561;1518692417;
138504875;1518689419;2970335769;
138504875;2970335769;1518689596;
138504875;1518689596;1518689782;
138504875;1518689782;1518689930;
138504875;1518689930;1518690068;
138504875;1518690068;1518690087;
138504875;1518690087;1518690211;
138504875;1518690211;1518690615;
138504875;1518690615;1518690849;
138504875;1518690849;1518690916;
138504875;1518690916;1518690998;
138504875;1518690998;1518691142;
138504875;1518691142;1518691389;
138504875;1518691389;1518691519;
138504880;1518692085;1518689774;
138504880;1518689774;1518689419;
138504885;1518686018;1518686934;
138504885;1518686934;1518687046;
138504885;1518687046;1518687057;
145246827;412251687;292358203;
145246827;292358203;292715810;
145246827;292715810;292715837;
145246827;292715837;292715859;
145246827;292715859;292715880;
145246827;292715880;292715888;
145246827;292715888;292715889;
145246827;292715889;3135602000;
168970799;251059201;412237906;
168970799;412237906;293054481;
168970799;293054481;251059200;
168970799;251059200;4541733448;
168970799;4541733448;292782982;
168970799;292782982;3108425069;
168970799;3108425069;3108425099;
168970940;1204992394;1204992344;
168970970;1204992344;1204992430;
168970970;1204992430;1204992383;
168970970;1204992383;1204992388;
168970970;1204992388;1204992378;
168970970;1204992378;1204992381;
168970970;1204992381;1204992405;
168970970;1204992405;1204992453;
168970970;1204992453;1204992370;
168970970;1204992370;1204992442;
168970970;1204992442;1204992465;
168970970;1204992465;1204992395;
168970970;1204992395;1204992432;
168970970;1204992432;1204992423;
168970970;1204992423;1204992349;
168970970;1204992349;1204992357;
168970970;1204992357;1207065533;
168970970;1207065533;1207065550;
168970970;1207065550;1207065520;
168970970;1207065520;1207065504;
168970970;1207065504;293561762;
168970970;293561762;293561763;
168970970;293561763;293561764;
168970970;293561764;293561765;
168970970;293561765;293561761;
182525740;1518696098;1518695989;
182525740;1518695989;1518695984;
182525740;1518695984;1518695969;
182525740;1518695969;1518696095;
182525740;1518696095;1518696115;
182525858;1518696098;1518695962;
182525858;1518695962;1518695818;
182525858;1518695818;1518695618;
182525858;1518695618;1518695327;
182525858;1518695327;1518695192;
182525858;1518695192;1518695173;
182525858;1518695173;1518694792;
182525858;1518694792;1518694404;
182525858;1518694404;1518694319;
182525858;1518694319;1518692998;
182526770;1518700749;1518701329;
182526770;1518701329;1518701577;
182526770;1518701577;1518701776;
182526770;1518701776;1928871122;
182526770;1928871122;1928871121;
182526770;1928871121;1928871123;
182526770;1928871123;1928871124;
182526770;1928871124;1928871120;
182526770;1928871120;1518702901;
182526774;1518701776;1518701886;
182526774;1518701886;1518702005;
182526774;1518702005;1518702038;
182526774;1518702038;1518702113;
182526774;1518702113;1518702163;
182526774;1518702163;1518702270;
182526774;1518702270;1518702332;
182526774;1518702332;1518702356;
182526774;1518702356;1518702371;
182526774;1518702371;1518702378;
182526774;1518702378;1518702387;
182526774;1518702387;1518702509;
182526774;1518702509;1518702605;
182526774;1518702605;1518702672;
182526990;1518700749;1518700675;
182526990;1518700675;1518700594;
182526990;1518700594;1518700569;
182526990;1518700569;1518700557;
182526990;1518700557;1518700506;
182526990;1518700506;1518700447;
182526990;1518700447;1518700440;
182526990;1518700440;1518700425;
182526990;1518700425;4541575804;
198351328;2084919154;2084919160;
198351328;2084919160;2084919187;
198351328;2084919187;2084919183;
198351328;2084919183;2084919151;
198351328;2084919151;2084919181;
198351328;2084919181;1518690093;
198351334;1518687533;2085710663;
198351334;2085710663;2084919155;
198351334;2084919155;2084919154;
198442141;2084919189;2084919175;
198442141;2084919175;2085710676;
198442141;2085710676;2084919158;
198442141;2084919158;2084919185;
198442141;2084919185;2084919156;
198442141;2084919156;1518691519;
198442141;1518691519;2084919161;
198442141;2084919161;1518690821;
198442141;1518690821;1518690655;
201564525;2115822357;2115822353;
201564525;2115822353;2115826843;
201564826;1518686964;2115826843;
206556299;1205005858;292970130;
206556299;292970130;1802287587;
206556299;1802287587;292970134;
206556299;292970134;1205005785;
206556299;1205005785;292970242;
206556299;292970242;3278454384;
206556299;3278454384;1802287612;
206556301;1205005858;4069110566;
206556301;4069110566;4069110567;
206556301;4069110567;1205005889;
211485994;1518699506;1518699535;
211485994;1518699535;1518699695;
211485994;1518699695;1518699713;
211485994;1518699713;1518699828;
211485994;1518699828;1518699903;
211485994;1518699903;1518700089;
211485994;1518700089;1518700296;
211485994;1518700296;1518700368;
211485994;1518700368;1518700497;
211485994;1518700497;1518701486;
211485994;1518701486;1518702187;
211485994;1518702187;1518702444;
211485994;1518702444;1518702672;
211485996;1129572213;1518702510;
211485996;1518702510;1518701950;
211485996;1518701950;1518701835;
211485996;1518701835;1518701170;
211485996;1518701170;1518700920;
211485996;1518700920;1518700732;
211485996;1518700732;1518700436;
211485996;1518700436;1518700100;
211485996;1518700100;1518699706;
211485996;1518699706;1518699506;
211485997;2115826843;2115822351;
211485997;2115822351;1518689300;
211485997;1518689300;2115822361;
211485997;2115822361;2258443795;
211485997;2258443795;2115822359;
211485997;2115822359;3121122034;
211485997;3121122034;292715916;
211485999;1518686964;1001197946;
211485999;1001197946;1518685102;
211485999;1518685102;1518685093;
211485999;1518685093;1001197949;
211485999;1001197949;1001197951;
211485999;1001197951;1518684813;
211485999;1518684813;292715810;
211486000;292715916;292715927;
211486000;292715927;292715936;
211486000;292715936;3134151975;
211486000;3134151975;292715940;
211486000;292715940;2889065520;
211486002;1129572213;1518703023;
211486002;1518703023;1518702774;
211486002;1518702774;1518702696;
211486002;1518702696;1518702684;
211486002;1518702684;1518702672;
211486005;1129574564;1518688478;
211486005;1518688478;1129574565;
211486005;1129574565;1129574567;
211486005;1129574567;1518686815;
212702430;292258131;1204992377;
212702430;1204992377;1702553103;
212702430;1702553103;1204992447;
212702430;1204992447;1204992351;
212702430;1204992351;292258130;
212702430;292258130;1204992402;
212702430;1204992402;292258137;
212702430;292258137;1204992410;
212702430;1204992410;1204992336;
212702430;1204992336;292258122;
213549712;4501144884;2232251448;
213549712;2232251448;2232251453;
213549712;2232251453;2232251455;
213549712;2232251455;2232251463;
213549712;2232251463;2232251440;
213549713;2232251454;2232251455;
215491308;1205022875;4639946344;
215491308;4639946344;242027532;
215491308;242027532;242027530;
215491308;242027530;1518703259;
215491308;1518703259;242027528;
215491308;242027528;242027527;
215491308;242027527;292258131;
215529282;2249891215;2249891227;
215529282;2249891227;2249891221;
215529282;2249891221;1129572269;
215529282;1129572269;2249891210;
215529282;2249891210;2249891230;
215529282;2249891230;2249891222;
215529282;2249891222;2249891225;
215529282;2249891225;2249891217;
215529282;2249891217;2249891212;
215529282;2249891212;2249891229;
215529282;2249891229;2249891219;
215529282;2249891219;2249891226;
215529282;2249891226;2249891224;
215529282;2249891224;2249891214;
215529282;2249891214;2249891211;
215529282;2249891211;2249891216;
215529282;2249891216;2259915747;
215529282;2259915747;2249891218;
215529282;2249891218;2249891223;
215529282;2249891223;2249891220;
215529282;2249891220;2249891215;
215529283;1129572269;1129574551;
215529283;1129574551;1129574555;
215529283;1129574555;1129574556;
215529283;1129574556;1129574559;
215529283;1129574559;1129574560;
216600385;292715974;292715979;
216600385;292715979;292715980;
216600385;292715980;292715981;
216600385;292715981;292715983;
216600385;292715983;292715985;
237770918;292716129;2456495668;
237770918;2456495668;3146416135;
237770918;3146416135;2456495669;
237770918;2456495669;2456495676;
237770918;2456495676;2456495671;
237770918;2456495671;2456495672;
237770918;2456495672;2456495677;
237770918;2456495677;2456495673;
237770918;2456495673;2456495674;
237770918;2456495674;2456495675;
237770919;2456495676;1205005804;
237770920;2456495677;2456495678;
237770920;2456495678;2456495679;
237770920;2456495679;2456495680;
237770920;2456495680;2456495681;
237770920;2456495681;2456495682;
237771822;2456505962;2456505965;
237771822;2456505965;2456505968;
237771822;2456505968;2456505970;
237771822;2456505970;2456505947;
237771822;2456505947;2456505984;
237771822;2456505984;2456505950;
237771822;2456505950;2456505953;
237771822;2456505953;2456505955;
237771822;2456505955;2456505959;
237771822;2456505959;2456505973;
237771822;2456505973;2456505976;
237771822;2456505976;2456505979;
237771822;2456505979;2456505962;
237771823;2456505981;2456505984;
285222245;2889065505;4557039528;
285222245;4557039528;2889065506;
285222245;2889065506;2889065507;
285222245;2889065507;2889065508;
285222246;2889065509;2889065510;
285222246;2889065510;2889065511;
285222246;2889065511;2889065512;
285222248;2889065516;2889065515;
285222248;2889065515;2889065514;
285222248;2889065514;2889065513;
285222250;2889065517;2889065518;
285222250;2889065518;2889065519;
285222250;2889065519;2889065520;
293434431;1518689419;1518688594;
306059680;292715951;3108425119;
306059680;3108425119;2889065513;
306059680;2889065513;293054400;
306059680;293054400;3108425103;
306059680;3108425103;292715995;
306059680;292715995;4055209991;
306059680;4055209991;2889065508;
306059680;2889065508;292716000;
306059680;292716000;3130379345;
306059680;3130379345;431367944;
306059680;431367944;292716004;
306059680;292716004;292716007;
306059680;292716007;292716012;
306059680;292716012;292716015;
306059680;292716015;292716018;
306059680;292716018;3130379344;
306059680;3130379344;292716021;
306059680;292716021;292716024;
306059681;3108425094;293054306;
306059681;293054306;2889065517;
306059681;2889065517;3108425102;
306059681;3108425102;292715951;
306059682;251059196;4176761947;
306059682;4176761947;3108425085;
306059682;3108425085;3108425081;
306059682;3108425081;4176761948;
306059682;4176761948;3108425088;
306059682;3108425088;792698591;
306059683;2889065520;292715951;
306059685;3108425099;3108425122;
306059685;3108425122;1801524504;
306059685;1801524504;1801524430;
306059686;292715951;2889065516;
306059687;292715985;292715987;
306059687;292715987;292715989;
306059687;292715989;292715990;
306059687;292715990;292715992;
306059687;292715992;292715994;
306059687;292715994;3108425077;
306059691;3108425081;4176761949;
306059691;4176761949;792698564;
306059691;792698564;292258119;
306059691;292258119;2889065505;
306059691;2889065505;4557039527;
306059691;4557039527;292258118;
306059691;292258118;4055209991;
306059691;4055209991;3108425094;
306059693;2889065516;292715974;
306059695;3108425094;2889065512;
306059695;2889065512;4541733454;
306059695;4541733454;2889065502;
306059706;3108425099;3108425067;
306059706;3108425067;4541733449;
306059706;4541733449;4541733450;
306059706;4541733450;4541733451;
306059706;4541733451;2889065503;
306064102;3108588214;3108592736;
306064102;3108592736;3130379343;
306064102;3130379343;292963546;
306064102;292963546;292963555;
306064102;292963555;292963565;
306064102;292963565;292963567;
306064102;292963567;292963569;
306064102;292963569;292963578;
306064102;292963578;292963579;
306064102;292963579;292963580;
306064102;292963580;292963581;
306064102;292963581;292963582;
306064102;292963582;292963583;
306064102;292963583;292963585;
306064102;292963585;3108592742;
306064102;3108592742;3130379342;
306064102;3130379342;292963619;
306064102;292963619;292963623;
306064102;292963623;292716175;
306064126;1207065512;1207065503;
306064126;1207065503;1207065541;
306064126;1207065541;1207065505;
306064126;1207065505;1207065539;
306064126;1207065539;1207065522;
306064126;1207065522;1207065530;
306064126;1207065530;1207065537;
306064126;1207065537;1207065518;
306064126;1207065518;1207065514;
306064126;1207065514;1207065502;
306064126;1207065502;3146277565;
306064126;3146277565;3146277564;
306064126;3146277564;1207065543;
306064126;1207065543;3146277563;
306064126;3146277563;1207065510;
306064126;1207065510;1207065529;
306561403;293561808;293561809;
306561403;293561809;293561810;
306561403;293561810;293561812;
306561403;293561812;293561813;
306561403;293561813;293561814;
306561403;293561814;293561815;
306561403;293561815;293561816;
306561403;293561816;293561817;
306561403;293561817;293561818;
306561403;293561818;293561819;
306561403;293561819;293561820;
306561403;293561820;293561821;
306561403;293561821;293561822;
306561403;293561822;293561823;
306561403;293561823;293561827;
306561403;293561827;293561828;
306561407;293561692;293561694;
306561407;293561694;293561696;
306561407;293561696;293561698;
306561407;293561698;293561700;
306561407;293561700;293561703;
306561407;293561703;293561705;
306561407;293561705;293561707;
306561407;293561707;293561710;
306561407;293561710;293561804;
306561407;293561804;3115213332;
306561407;3115213332;293561719;
306561407;293561719;293561723;
306561407;293561723;293561726;
306561407;293561726;293561728;
306561407;293561728;293561730;
306561407;293561730;1204987958;
306561407;1204987958;293561732;
306561407;293561732;293561735;
306561407;293561735;293561737;
306561407;293561737;293561739;
306561407;293561739;293561741;
306561407;293561741;293561742;
306561407;293561742;293561743;
306561407;293561743;293561744;
306561407;293561744;293561745;
306561407;293561745;293561746;
306561407;293561746;293561747;
306561407;293561747;293561748;
306561407;293561748;293561749;
306561407;293561749;293561750;
306561407;293561750;293561751;
306561407;293561751;293561753;
306561407;293561753;293561755;
306561407;293561755;293561756;
306561407;293561756;293561757;
306561407;293561757;293561758;
306561407;293561758;293561759;
306561407;293561759;293561760;
306561407;293561760;293561761;
306725530;1518692417;1518692165;
306725530;1518692165;1518691843;
306725531;1518689591;1518689576;
306725531;1518689576;1518689564;
306725531;1518689564;1518689431;
306725531;1518689431;1518689384;
306725531;1518689384;1518688817;
306725531;1518688817;1518688668;
306725531;1518688668;1518687995;
306725531;1518687995;1518687960;
306725532;1518694528;1518695108;
306725533;1518694940;1518694952;
306725533;1518694952;1518695030;
306725533;1518695030;1518695033;
306725533;1518695033;1518694956;
306725533;1518694956;1518694870;
306725533;1518694870;1518694865;
306728222;2084919173;2084919179;
306728222;2084919179;2084919165;
306728222;2084919165;2084919167;
306728222;2084919167;2084919171;
306728222;2084919171;1518690655;
307060877;1518689812;1518689272;
307060877;1518689272;1129574564;
307062131;1518690201;1518689954;
307062131;1518689954;1518689935;
307062131;1518689935;1518689300;
307062132;1518690327;3121122033;
307062133;1518687057;1518686986;
307062133;1518686986;1518686959;
307062133;1518686959;1518687063;
307062133;1518687063;1518685910;
307062133;1518685910;1518685785;
307808077;3130379347;3130379354;
307808077;3130379354;3130379337;
307808077;3130379337;3130379348;
307808079;1204997140;292716066;
308129723;3134152015;3134152016;
308129723;3134152016;3134152017;
308129723;3134152017;3134152018;
308129723;3134152018;3134152019;
308129723;3134152019;3134152020;
308129727;3134151974;1518691930;
308129728;1518691930;1518692138;
308129728;1518692138;3134152005;
308129728;3134152005;1518692973;
308129729;1518691855;3134151974;
308129730;1518688594;1518687645;
308129730;1518687645;1518687072;
308129730;1518687072;1518686859;
308129730;1518686859;1518686622;
308129730;1518686622;1518686412;
308129731;3134151975;3134151976;
308129731;3134151976;3134151979;
308129731;3134151979;3134151984;
308129731;3134151984;3134151992;
308129731;3134151992;3134151998;
308129731;3134151998;3134151995;
308129731;3134151995;3134151986;
308129731;3134151986;3134151980;
308129731;3134151980;3134151977;
308129731;3134151977;3134151978;
308129731;3134151978;3134151989;
308267162;3135602000;292715891;
308267162;292715891;292715894;
308267162;292715894;292715897;
308267162;292715897;292715904;
308267162;292715904;292715913;
308267162;292715913;292715916;
308267163;1518692175;1518692045;
308267163;1518692045;1518692085;
308267163;1518692085;4133885791;
308267163;4133885791;1518692148;
308267163;1518692148;1518692295;
308267163;1518692295;1518692482;
308267163;1518692482;2249891229;
308267164;1129574560;1129574561;
308267164;1129574561;1518690232;
308267164;1518690232;1129574563;
308267164;1129574563;1518689812;
309304667;1205005873;1205005904;
309304667;1205005904;1205005863;
309304667;1205005863;1205005843;
309304667;1205005843;1205005893;
309304667;1205005893;1205005767;
309304667;1205005767;1205005923;
309304667;1205005923;1205005811;
309306680;1204997153;1204997156;
309306680;1204997156;1204997192;
309306680;1204997192;1204997196;
309306680;1204997196;1204997190;
309306680;1204997190;1204997166;
309306680;1204997166;3391018376;
309306680;3391018376;1204997159;
309306680;1204997159;3130379356;
309306681;1204997155;1204997154;
309306681;1204997154;1204997153;
309306681;1204997153;3146431584;
321128893;292970250;3278454386;
321128893;3278454386;293561828;
321128894;293561828;293561829;
321128894;293561829;292970201;
321128895;1802287615;292970263;
331999681;3391018376;3391018377;
331999681;3391018377;3391018378;
360733787;293561827;3652908352;
360735675;3652918012;3652918013;
360735675;3652918013;3652918014;
360735675;3652918014;3652918015;
360735675;3652918015;3652918016;
360735675;3652918016;3652918017;
360735675;3652918017;3652918018;
360735675;3652918018;3652918019;
360735675;3652918019;3652918020;
360735675;3652918020;3652918021;
360735675;3652918021;3652918022;
360735675;3652918022;3652918023;
360735675;3652918023;3652918024;
360735675;3652918024;3652922625;
360735675;3652922625;3652922626;
360735675;3652922626;3652922627;
360735675;3652922627;3652922628;
360735675;3652922628;3652922629;
360735675;3652922629;3652922630;
360735675;3652922630;3652922631;
374430907;3778216988;3778216989;
374430907;3778216989;1518695247;
386531800;3898740121;3898740122;
386531800;3898740122;3898740123;
386531800;3898740123;3898740126;
386531800;3898740126;3898740127;
386531800;3898740127;3898740129;
386531800;3898740129;3898740137;
386531800;3898740137;3898740139;
386531800;3898740139;3898740138;
386531800;3898740138;3898740135;
386531800;3898740135;3898740134;
386531801;3898740153;3898740150;
386531802;431367958;3898740575;
386531802;3898740575;3927023194;
386531802;3927023194;3898740574;
386531802;3898740574;3927023193;
386531802;3927023193;3927023191;
386531802;3927023191;3927023190;
386531802;3927023190;3927023188;
386531802;3927023188;3927023187;
386531802;3927023187;3927023185;
386531802;3927023185;3927023183;
386531802;3927023183;3927023181;
386531802;3927023181;3927023175;
386531802;3927023175;3927023169;
386531802;3927023169;3927023166;
386531802;3927023166;3927023161;
386531802;3927023161;3898740573;
386531802;3898740573;3898740572;
386531803;3898740132;3898740559;
386531804;3898740564;3898740566;
386531805;3898740131;3898740115;
386531806;431367953;3898740130;
386531807;3898740153;3898740152;
386531808;431367945;431367947;
386531809;431367948;3898740133;
386531810;3898740152;3898740144;
386531810;3898740144;3898740146;
386531810;3898740146;3898740143;
386531810;3898740143;3898740142;
386531810;3898740142;3898740141;
386531810;3898740141;3898740145;
386531810;3898740145;3898740147;
386531810;3898740147;3898740560;
386531810;3898740560;3898740561;
386531810;3898740561;3898740562;
386531810;3898740562;3898740559;
386531810;3898740559;3898740558;
386531810;3898740558;3898740156;
386531810;3898740156;3898740154;
386531810;3898740154;3898740151;
386531810;3898740151;3898740125;
386531810;3898740125;3898740116;
386531810;3898740116;3898740117;
386531810;3898740117;3898740118;
386531811;431367958;3898740124;
386531811;3898740124;431367957;
386531812;3898740148;3898740149;
386531812;3898740149;3898740153;
386531813;3898740118;3898740120;
386531813;3898740120;3898740122;
386531814;3130379351;3898740567;
386531814;3898740567;3898740566;
386531814;3898740566;3898740153;
386531815;3898740125;3898740128;
386531815;3898740128;3898740132;
386531815;3898740132;3898740145;
386531816;792698569;3898740563;
386531816;3898740563;3898740557;
386531816;3898740557;3898740152;
386531817;3898740136;3898740134;
386531817;3898740134;3898740121;
386531817;3898740121;3898740119;
386531817;3898740119;3898740118;
386531818;431367957;3898740130;
386531818;3898740130;3898740131;
386531818;3898740131;3898740133;
386531818;3898740133;431367945;
386531818;431367945;3898740136;
386531818;3898740136;3898740140;
386531818;3898740140;3898740142;
386531936;431367944;3927023172;
386531936;3927023172;431367958;
389536678;3927023052;3927023056;
389536678;3927023056;3927023159;
389536678;3927023159;3927023158;
389536678;3927023158;3927023054;
389536678;3927023054;3927023021;
389536678;3927023021;3927023013;
389536678;3927023013;3927023007;
389536678;3927023007;3927023002;
389536678;3927023002;3927022999;
389536681;3927022999;3927022993;
389536681;3927022993;3927022991;
389536681;3927022991;3927022994;
389536681;3927022994;3927022996;
389536681;3927022996;3927022997;
389536681;3927022997;3927023000;
389536681;3927023000;3927023005;
389536681;3927023005;3927023008;
389536681;3927023008;3927023048;
389536681;3927023048;292716040;
389536684;3927022999;3927023003;
389536684;3927023003;3927023009;
389536684;3927023009;3927023016;
389536684;3927023016;3927023025;
389536684;3927023025;3927023033;
389536684;3927023033;3927023035;
389536684;3927023035;3927023038;
389536684;3927023038;3927023049;
389536684;3927023049;3927023160;
389536684;3927023160;3927023162;
389536684;3927023162;3927023167;
389536684;3927023167;3927023173;
389536684;3927023173;3927023177;
389536684;3927023177;3927023179;
389536684;3927023179;3927023176;
389536684;3927023176;3927023170;
389536684;3927023170;3927023172;
389536687;3927023012;3927023044;
389536689;3927022994;3927023009;
389536691;3927022991;3927023003;
389536692;3927023000;3927023025;
389536693;3927022997;3927023016;
389536694;3927023185;3927023055;
389536694;3927023055;3927023049;
389536695;3927023177;3927023192;
389536695;3927023192;3927023193;
389536696;3927023018;3927023031;
389536696;3927023031;3927023035;
389536698;3927023188;3927023165;
389536698;3927023165;3927023162;
389536699;3927023191;3927023178;
389536699;3927023178;3927023173;
389536700;3898740574;3927023184;
389536700;3927023184;3927023179;
389536701;3927023160;3927023186;
389536701;3927023186;3927023187;
389536702;3927023167;3927023189;
389536702;3927023189;3927023190;
389536703;3927023008;3927023012;
389536703;3927023012;3927023018;
389536704;3927023194;3927023182;
389536704;3927023182;3927023176;
389536705;3927023181;3927023043;
389536705;3927023043;3927023039;
389536705;3927023039;3927023036;
389536705;3927023036;3927023033;
389536706;3927023169;3927023027;
389536706;3927023027;3927023020;
389536706;3927023020;3927023017;
389536706;3927023017;3927023016;
389536707;3927023048;3927023051;
389536707;3927023051;3927023044;
389536707;3927023044;3927023037;
389536707;3927023037;3927023030;
389536707;3927023030;3927023018;
389536708;3927023038;3927023041;
389536708;3927023041;3927023042;
389536708;3927023042;3927023045;
389536708;3927023045;3927023180;
389536708;3927023180;3927023183;
389536709;3927023025;3927023026;
389536709;3927023026;3927023028;
389536709;3927023028;3927023034;
389536709;3927023034;3927023171;
389536709;3927023171;3927023175;
389536710;3927023161;3927023023;
389536710;3927023023;3927023015;
389536710;3927023015;3927023010;
389536710;3927023010;3927023006;
389536710;3927023006;3927023004;
389536710;3927023004;3927023003;
389536711;3927023009;3927023011;
389536711;3927023011;3927023014;
389536711;3927023014;3927023019;
389536711;3927023019;3927023022;
389536711;3927023022;3927023163;
389536711;3927023163;3927023166;
411779131;1518693960;4133885789;
411779131;4133885789;4133885790;
411779131;4133885790;4133885791;
417046624;2084919173;1518689061;
417046624;1518689061;1518688728;
417046624;1518688728;1518688624;
417046624;1518688624;1518688266;
417046624;1518688266;1518687960;
417046624;1518687960;1518687738;
417046624;1518687738;1518686972;
417046630;2084919154;2085710661;
417046630;2085710661;2084919173;
417046636;2085710672;1518687533;
417046636;1518687533;1518687471;
417046636;1518687471;1518687289;
417046636;1518687289;1518686972;
417046636;1518686972;1518686283;
417046636;1518686283;1518686042;
452152774;1440988833;4489546789;
452152774;4489546789;4489546790;
452152774;4489546790;4489546791;
452152774;4489546791;4489546792;
452152774;4489546792;4489546793;
452152774;4489546793;1204992443;
459190345;293561776;4551003092;
459190345;4551003092;4551003093;
459190345;4551003093;4551003094;
459190345;4551003094;4551003095;
459190345;4551003095;4551003096;
459190345;4551003096;4551003097;
459190346;4551003098;4551003099;
459190346;4551003099;4551003100;
459190346;4551003100;4551003101;
459190346;4551003101;293561769;
459190347;1207065533;4551003102;
459190347;4551003102;4551003103;
459190347;4551003103;4551003104;
459190347;4551003104;4551003105;
459190347;4551003105;4551003106;
459190347;4551003106;4551003107;
459190347;4551003107;4551003108;
459190347;4551003108;4551003109;
459190347;4551003109;4551003110;
459190347;4551003110;4551003111;
459190348;1204992381;4551003112;
459190348;4551003112;4551003113;
459190348;4551003113;4551003114;
459190348;4551003114;4551003115;
459190348;4551003115;4551003116;
459190348;4551003116;4551003117;
459418067;792698637;4552714406;
459418068;4552714407;4552714408;
459418068;4552714408;4552714409;
459418068;4552714409;4552714410;
459418069;4552714414;4552714480;
459418069;4552714480;4552714481;
459418069;4552714481;4552714482;
459418069;4552714482;4552714462;
459418070;4552714418;4552714419;
459418070;4552714419;4552714420;
459418070;4552714420;4552714421;
459418070;4552714421;4552714422;
459418070;4552714422;4552714423;
459418070;4552714423;4552714438;
459418070;4552714438;4552714436;
459418070;4552714436;4552714434;
459418070;4552714434;4552714424;
459418070;4552714424;4552714432;
459418070;4552714432;4552714430;
459418070;4552714430;4552714425;
459418070;4552714425;4552714426;
459418070;4552714426;4552714427;
459418070;4552714427;4552714428;
459418071;4552714429;4552714430;
459418072;4552714431;4552714432;
459418073;4552714433;4552714434;
459418074;4552714435;4552714436;
459418075;4552714437;4552714438;
459418076;4552714439;4552714423;
459418078;4552714418;4552714459;
459418078;4552714459;4552714450;
459418078;4552714450;4552714451;
459418078;4552714451;4552714452;
459418078;4552714452;4552714453;
459418078;4552714453;4552714454;
459418078;4552714454;4552714455;
459418078;4552714455;4552714456;
459418078;4552714456;4552714457;
459418079;4552714458;4552714459;
459418079;4552714459;4552714457;
459418079;4552714457;4552714460;
459418079;4552714460;4552714461;
459418079;4552714461;4552714462;
459418079;4552714462;4552714463;
459418079;4552714463;4552714464;
459418080;4552714461;4552714465;
459418080;4552714465;4552714466;
459418080;4552714466;4552714467;
461638195;3134151974;1518691194;
461638195;1518691194;1129574560;
461752921;1518692998;1518692688;
461752921;1518692688;1518692572;
461752921;1518692572;1518692175;
464792598;1518687224;4598660539;
464792598;4598660539;4598660540;
464792598;4598660540;4598660541;
464792598;4598660541;4598660542;
464792598;4598660542;4598660543;
464792598;4598660543;4598660544;
464792598;4598660544;4598660545;
464792598;4598660545;4598660546;
464792598;4598660546;4598660547;
464792598;4598660547;4598660548;
469992905;4642460560;4642460561;
469992905;4642460561;4642460562;
469992905;4642460562;4642460563;
469992905;4642460563;4642460566;
469992905;4642460566;4642460564;
469992906;4642460566;4642460567;
469992907;4642460565;4642460567;
469992907;4642460567;4642460561;
469992908;4642460562;4642460570;
469992908;4642460570;4642460568;
469992908;4642460568;4642460572;
469992908;4642460572;4642460574;
469992908;4642460574;4642460569;
469992909;4642460570;4642460571;
469992909;4642460571;4642460572;
469992910;4642460571;4642460563;
469992911;4642460570;4642460573;
469992912;4642460564;4642460565;
