26681568;3138007942;292622063;
26681568;292622063;292622065;
26681568;292622065;1801522160;
26681568;1801522160;292622089;
26681570;292622072;292622105;
26681571;292622110;292622128;
26681572;1801522231;292622128;
26681574;292622102;292622142;
26681574;292622142;292622141;
26681575;292622142;292622149;
26681575;292622149;292622153;
26681576;292622089;1520374132;
26681576;1520374132;3170987772;
26681576;3170987772;292622182;
26681576;292622182;1520374133;
26681576;1520374133;3412978986;
26681576;3412978986;3618643512;
26681576;3618643512;1801522187;
26681576;1801522187;292622197;
26681578;292622198;3138007945;
26681578;3138007945;3138007946;
26681578;3138007946;292622199;
26681578;292622199;3138007947;
26681578;3138007947;292622201;
26681578;292622201;3138007948;
26681578;3138007948;292622203;
26681578;292622203;1801522189;
26681578;1801522189;292622197;
26681579;292622206;292622208;
26681580;292622209;292622208;
26681580;292622208;1801522188;
26681580;1801522188;3138007944;
26681581;292622210;292622211;
26681581;292622211;292622212;
26681581;292622212;3170987770;
26681581;3170987770;292622213;
26681581;292622213;292622214;
26681581;292622214;292622182;
26681581;292622182;292622153;
26681581;292622153;292622141;
26681582;292622211;292622215;
26681582;292622215;292622216;
26681582;292622216;292622223;
26681582;292622223;292622230;
26681582;292622230;292622233;
26681582;292622233;292622238;
26681582;292622238;292622239;
26681582;292622239;3138007943;
26681582;3138007943;3138007944;
26681582;3138007944;292622197;
26681585;292622132;292622243;
26681585;292622243;1801522206;
26681585;1801522206;1801522208;
26681586;292588883;1801522276;
26681586;1801522276;292622852;
26681586;292622852;292622251;
26681586;292622251;292622252;
26681586;292622252;292622253;
26681586;292622253;292622254;
26681586;292622254;292622255;
26681586;292622255;292622256;
26681586;292622256;292622257;
26681586;292622257;292622258;
26681586;292622258;292622262;
26681586;292622262;1723769802;
26681586;1723769802;1723769727;
26681586;1723769727;292622266;
26681586;292622266;292622267;
26681586;292622267;292622277;
26681587;292622114;292622129;
26681587;292622129;2401416211;
26681587;2401416211;292622252;
26681588;292622277;292622278;
26681588;292622278;1723769742;
26681588;1723769742;292622280;
26681588;292622280;292622285;
26681588;292622285;292622286;
26681588;292622286;292622290;
26681588;292622290;292622292;
26681588;292622292;292622296;
26681588;292622296;292622300;
26681588;292622300;292622308;
26681588;292622308;292622311;
26681588;292622311;292622210;
26681588;292622210;292622314;
26681588;292622314;292622316;
26681588;292622316;292622324;
26681588;292622324;292622505;
26681589;292622502;292622327;
26681589;292622327;292622333;
26681589;292622333;1698019210;
26681589;1698019210;742656658;
26681589;742656658;292622338;
26681589;292622338;742656935;
26681589;742656935;292622340;
26681589;292622340;292622341;
26681589;292622341;292622343;
26681589;292622343;292622345;
26681589;292622345;292622351;
26681589;292622351;292622367;
26681589;292622367;1723769938;
26681589;1723769938;292622370;
26681589;292622370;292622456;
26681590;292622470;292622374;
26681590;292622374;292622388;
26681590;292622388;292622404;
26681590;292622404;292622405;
26681590;292622405;292622407;
26681590;292622407;292622409;
26681590;292622409;292622411;
26681590;292622411;292622413;
26681590;292622413;292622415;
26681590;292622415;292622419;
26681590;292622419;292622427;
26681590;292622427;292622431;
26681590;292622431;292622856;
26681590;292622856;1801522280;
26681590;1801522280;292622857;
26681591;292622470;1801522185;
26681591;1801522185;1801522186;
26681591;1801522186;292622476;
26681591;292622476;292622473;
26681591;292622473;292622277;
26681591;292622277;1801522167;
26681591;1801522167;292622454;
26681591;292622454;1801522153;
26681591;1801522153;292622456;
26681591;292622456;292622462;
26681591;292622462;292622464;
26681591;292622464;292622466;
26681591;292622466;1801522165;
26681591;1801522165;1801522169;
26681591;1801522169;292622468;
26697172;292782812;292782813;
26697172;292782813;292782814;
26697172;292782814;1520377904;
26697172;1520377904;292782815;
26697172;292782815;292782818;
26697172;292782818;1520377397;
26697172;1520377397;3131295167;
26697172;3131295167;1295087865;
26697172;1295087865;1520376752;
26697172;1520376752;3131295169;
26697172;3131295169;1295087867;
26697172;1295087867;3131295170;
26697172;3131295170;1520377207;
26697172;1520377207;1520377696;
26697173;292782821;292782820;
26697173;292782820;292782819;
26697175;292782812;292782838;
26697175;292782838;292782839;
26697175;292782839;292782840;
26697175;292782840;292782841;
26697175;292782841;1520378731;
26697175;1520378731;1520378870;
26697175;1520378870;3029278622;
26697175;3029278622;292782843;
26697175;292782843;292782844;
26697175;292782844;3029278621;
26697175;3029278621;292782830;
26697175;292782830;292782832;
26697175;292782832;3029278620;
26697175;3029278620;1520378117;
26697175;1520378117;292782833;
26697175;292782833;3029278619;
26697175;3029278619;292782819;
26697176;292782862;292782863;
26697176;292782863;292782845;
26697176;292782845;1520373108;
26697176;1520373108;292782846;
26697177;292622462;292782864;
26697177;292782864;292782865;
26697177;292782865;292782866;
26697177;292782866;1723769892;
26697177;1723769892;1723769904;
26697177;1723769904;292782867;
26697177;292782867;292782868;
26697177;292782868;292782869;
26697177;292782869;292782872;
26697177;292782872;292782873;
26697177;292782873;292782874;
26697177;292782874;292782875;
26697177;292782875;292782876;
26697177;292782876;292782848;
26697178;292782846;292782885;
26697178;292782885;292782884;
26697178;292782884;292782883;
26697178;292782883;292782882;
26697178;292782882;292782881;
26697178;292782881;292782880;
26697178;292782880;292782879;
26697178;292782879;292782878;
26697178;292782878;292782877;
26697178;292782877;292622468;
26697179;292782853;292782886;
26697179;292782886;2885253291;
26697180;292782856;292782904;
26697180;292782904;292782906;
26697180;292782906;2222272171;
26697181;2222272171;2222272164;
26697181;2222272164;2222272168;
26697181;2222272168;2222272162;
26697181;2222272162;292782910;
26697181;292782910;2222272157;
26944755;292622858;295232537;
26944755;295232537;295232538;
26944755;295232538;295232539;
26944755;295232539;295232540;
26944755;295232540;295232541;
26944755;295232541;295232542;
26944755;295232542;295232660;
26944756;292622409;295232569;
26944756;295232569;295232572;
26944756;295232572;295232547;
26944757;1415548402;295232582;
26944757;295232582;295232581;
26944757;295232581;295232580;
26944758;295232603;295232602;
26944758;295232602;3029730197;
26944758;3029730197;295232601;
26944758;295232601;295232600;
26944758;295232600;295232599;
26944758;295232599;295232598;
26944759;295232638;295232637;
26944759;295232637;295232636;
26944759;295232636;295232635;
26944759;295232635;295232603;
26944759;295232603;295232634;
26944759;295232634;295232633;
26944759;295232633;295232632;
26944759;295232632;295232631;
26944759;295232631;295232630;
26944759;295232630;295232628;
26944759;295232628;295232627;
26944759;295232627;295232626;
26944759;295232626;295232625;
26944759;295232625;295232623;
26944759;295232623;295232619;
26944761;295232688;295232689;
26944761;295232689;295232690;
26944761;295232690;295232691;
26944761;295232691;295232692;
26944761;295232692;295232693;
26944761;295232693;295232694;
26944761;295232694;295232695;
26944761;295232695;295232696;
26944761;295232696;295232697;
26944761;295232697;295232698;
26944761;295232698;295232699;
26944761;295232699;295232700;
26944761;295232700;295232701;
26944761;295232701;1723852122;
26944761;1723852122;295232703;
26944761;295232703;1723852144;
26944761;1723852144;295232704;
26944761;295232704;295232705;
26944761;295232705;295232706;
26944761;295232706;295232707;
26944761;295232707;295232708;
26944761;295232708;295232709;
26944761;295232709;295232710;
26944761;295232710;295232711;
26944761;295232711;295232712;
26944761;295232712;295232713;
26944761;295232713;295232714;
26944761;295232714;295232715;
26944761;295232715;295232716;
26944761;295232716;295232717;
26944761;295232717;295232718;
26944761;295232718;295232720;
26944761;295232720;295232721;
26944761;295232721;295232722;
26944761;295232722;295232723;
26944761;295232723;295232724;
26944761;295232724;3128226003;
26944761;3128226003;295232668;
35917437;419846272;3137459326;
35917437;3137459326;419846280;
35917437;419846280;742656838;
35917437;742656838;1520370522;
35917437;1520370522;419846282;
35917437;419846282;3137459327;
35917437;3137459327;419846285;
35917437;419846285;1698019338;
35917437;1698019338;742656872;
35917437;742656872;419846292;
35917437;419846292;419846297;
35917437;419846297;419846300;
35917437;419846300;742656863;
35917437;742656863;2885275318;
35917437;2885275318;1520372196;
35917437;1520372196;419846317;
35917437;419846317;1520372326;
35917437;1520372326;2885253287;
35998358;420782049;420782050;
35998358;420782050;1520372058;
35998358;1520372058;742656849;
35998358;742656849;420782051;
35998358;420782051;420782052;
35998358;420782052;419846272;
59841465;742656919;742656803;
59841465;742656803;742657036;
59841465;742657036;742656849;
59841470;742657009;742656789;
59841470;742656789;742656637;
59841470;742656637;742656923;
59841470;742656923;742656702;
59841470;742656702;742656789;
59841471;742656838;742656919;
59841471;742656919;742656630;
59841471;742656630;742656881;
59841471;742656881;742656824;
59841471;742656824;742657004;
59841471;742657004;742656755;
59841471;742656755;742656960;
59841471;742656960;742656694;
59841471;742656694;742656974;
59841471;742656974;742656797;
59841471;742656797;742656770;
59841471;742656770;742657017;
59841471;742657017;742656809;
59841473;742656797;742656872;
59841480;742656824;742657054;
59841480;742657054;742656866;
59841480;742656866;742656598;
59841480;742656598;420782050;
66012042;292782916;3105909848;
66012042;3105909848;801924131;
66012042;801924131;1520374540;
66012042;1520374540;801924146;
66012042;801924146;1520374526;
66012042;1520374526;3105909835;
66012042;3105909835;1520374531;
66952528;295232568;292782891;
66952528;292782891;292782892;
66952528;292782892;292782893;
66952528;292782893;292782894;
66952528;292782894;292782895;
66952528;292782895;2222277597;
66952530;2222272166;292782908;
66952530;292782908;1520373119;
66952530;1520373119;1645484596;
66952530;1645484596;292782909;
66952530;292782909;1809311103;
66952530;1809311103;520161935;
125239216;1391607798;1391609422;
125239216;1391609422;1391607800;
125239216;1391607800;1391607801;
125239348;3135366541;1391609407;
125239348;1391609407;1391609413;
125239348;1391609413;1391609411;
125239348;1391609411;3135366550;
125239348;3135366550;1391609425;
125239348;1391609425;3135366556;
125239348;3135366556;1391609406;
125239348;1391609406;1391609409;
125239348;1391609409;1520372331;
125239348;1520372331;1391609426;
125239348;1391609426;1391609408;
125239348;1391609408;1391609421;
125239348;1391609421;1391609422;
125240318;1391607801;1391628498;
125240318;1391628498;1391628496;
125240318;1391628496;1391628500;
125240318;1391628500;1391628505;
128006483;295232603;295232604;
128006483;295232604;295232606;
128006483;295232606;3028556624;
128006483;3028556624;295232609;
128006483;295232609;3028556622;
128006483;3028556622;3028556623;
128006483;3028556623;295232614;
128006483;295232614;295232619;
128006483;295232619;3029784841;
128006483;3029784841;3028549668;
128006483;3028549668;295232577;
128006483;295232577;295232639;
128006483;295232639;295232646;
128006483;295232646;3028479584;
128006484;1415548399;1415548396;
128006485;1415548405;1415548403;
128006486;1415548404;1415548403;
128006486;1415548403;1415548400;
128006488;1415548397;1415548399;
128006488;1415548399;1415548400;
128006488;1415548400;1415548401;
128006488;1415548401;1415548402;
138624785;1520043660;1520370948;
138624785;1520370948;1520371518;
138657278;520161943;1520372858;
138657278;1520372858;520161946;
138657278;520161946;1520372854;
138657278;1520372854;520161949;
138657278;520161949;1520372992;
138657278;1520372992;520160370;
138657278;520160370;1520373032;
138657278;1520373032;520161951;
138657278;520161951;1520373208;
138657278;1520373208;1520373229;
138657406;1520370626;1520370741;
138657406;1520370741;3135310796;
138657406;3135310796;1520370855;
138657406;1520370855;3135310799;
138657406;3135310799;1520370954;
138657406;1520370954;3135310800;
138657406;3135310800;1520370977;
138657406;1520370977;1520371302;
138657406;1520371302;1520371412;
138657406;1520371412;1520371432;
138657406;1520371432;1520371542;
138657406;1520371542;1520371569;
138657406;1520371569;1520371701;
138657406;1520371701;1520371825;
138657406;1520371825;1520371853;
138657406;1520371853;1520372311;
138657406;1520372311;1520372879;
138657406;1520372879;1520373119;
138657421;1520371070;1520371274;
138657421;1520371274;1520371385;
138657421;1520371385;1520371420;
138657421;1520371420;1520371518;
138657421;1520371518;1520371684;
138657421;1520371684;1520371696;
138657421;1520371696;1520371679;
138657421;1520371679;1520371292;
138657421;1520371292;1520371202;
138657421;1520371202;1520371200;
138657434;1520374540;3105909847;
138657434;3105909847;1520376910;
138657434;1520376910;1520376947;
138657434;1520376947;3131268270;
138657434;3131268270;1520377904;
138657434;1520377904;3131268272;
138657434;3131268272;1520378866;
138657434;1520378866;3131268278;
138657434;3131268278;1520379053;
138657434;1520379053;3131268280;
138657434;3131268280;1520378899;
138657434;1520378899;1520378884;
138657434;1520378884;1520378724;
138657434;1520378724;3104214067;
138657470;1520372311;1391609426;
138657526;1520371702;1520371274;
138657532;1520377207;1520375253;
138657557;1520378126;3131213652;
138657557;3131213652;3131213650;
138657557;3131213650;3131213646;
138657557;3131213646;3131213645;
138657557;3131213645;1520377926;
138657610;1520371086;3137382686;
138657610;3137382686;3137382687;
138657610;3137382687;1520372041;
138657617;1520373229;1520373317;
138657617;1520373317;1645484630;
138657701;1520382380;3127979673;
138657701;3127979673;1520379397;
138657701;1520379397;3127979670;
138657701;3127979670;3127979661;
138657701;3127979661;1520378082;
138657724;1520372627;1520373200;
138657724;1520373200;1520373423;
138657738;1520373216;2112846638;
138657738;2112846638;1520373308;
138657738;1520373308;1520373567;
138657750;1520043820;1520371086;
138657750;1520371086;1520371201;
138657750;1520371201;1520371304;
138657751;1520371684;1520371296;
138657751;1520371296;1520371284;
138657751;1520371284;3115505418;
138657751;3115505418;1520043830;
138657751;1520043830;3115505416;
138657751;3115505416;1520043671;
138657754;1520376421;1520375134;
138657754;1520375134;1520375111;
138657764;1295087867;3131213637;
138657764;3131213637;1520377926;
138657764;1520377926;3131213649;
138657764;3131213649;1520378875;
138657773;1520374754;3131132226;
138657773;3131132226;4541733356;
138657773;4541733356;4541733357;
138657773;4541733357;3131135138;
138657773;3131135138;1520375758;
138657773;1520375758;4541733358;
138657773;4541733358;1520376231;
138657773;1520376231;3131135157;
138657773;3131135157;1295087868;
138657787;1520371385;1520371548;
138657787;1520371548;1520372004;
138657787;1520372004;1520372031;
138657787;1520372031;1520372524;
138657791;1520374625;3131193710;
138657791;3131193710;1520374634;
138657791;1520374634;4541733355;
138657791;4541733355;1520374848;
138657791;1520374848;1520374754;
138657791;1520374754;3131173020;
138657791;3131173020;1520374551;
138657793;1520371548;1520371702;
138657793;1520371702;3137415296;
138657793;3137415296;1520372191;
138657793;1520372191;1520372192;
138657793;1520372192;1520372071;
138657806;3137415295;1520372318;
138657806;1520372318;4541733350;
138657806;4541733350;1520372716;
138657806;1520372716;4541733351;
138657806;4541733351;4541733352;
138657806;4541733352;1520373025;
138657806;1520373025;1520373222;
138657806;1520373222;1520373409;
138657819;1295087865;3131295165;
138657819;3131295165;1520376745;
138657819;1520376745;1520376681;
138657819;1520376681;1520376476;
138657819;1520376476;1520375804;
138657819;1520375804;1520375554;
138657819;1520375554;1520375735;
138657819;1520375735;3104214059;
138657819;3104214059;1520376510;
138657819;1520376510;1520376745;
138657849;1520376231;1520376266;
138657849;1520376266;3131135148;
138657849;3131135148;1520376421;
138657849;1520376421;1520376255;
138657849;1520376255;3131135146;
138657849;3131135146;1520375972;
138657856;1391628509;1391609406;
138657862;1520373200;1520373312;
138657862;1520373312;1520373409;
138657881;1520371201;1520371691;
138657930;1520374433;1520374551;
138657946;1520372331;1391628505;
138657966;1520375496;1520375413;
138657966;1520375413;1520375274;
138657966;1520375274;1520375143;
138657966;1520375143;1520375010;
138657966;1520375010;1520374998;
138657966;1520374998;1520374841;
138657966;1520374841;1520374531;
138657966;1520374531;3131441482;
138657966;3131441482;3131441481;
138657966;3131441481;1520374246;
144973720;1584471082;1520378082;
144973720;1520378082;1584471083;
144973720;1584471083;3127979655;
144973720;3127979655;295232581;
144973721;295232668;3128226002;
144973721;3128226002;3128226001;
144973721;3128226001;3128226000;
144973721;3128226000;295232660;
151704483;1520372722;2112846637;
151704483;2112846637;3137415295;
151704483;3137415295;1520371558;
151704486;520161935;1645484597;
151704486;1645484597;1645484627;
151704486;1645484627;1645484598;
151704486;1645484598;1645484604;
151704486;1645484604;1645484614;
151704486;1645484614;1809311092;
151704487;1645484607;1391607798;
151704488;520161935;1809311101;
151704488;1809311101;1809311090;
151704488;1809311090;1520373228;
151704489;520161941;520161935;
151704493;1645484587;1645484588;
151704493;1645484588;1645484617;
151704493;1645484617;1645484616;
151704493;1645484616;1645484608;
151704493;1645484608;1645484585;
151704494;1645484608;1645484588;
151704495;1645484591;3132645131;
151704495;3132645131;1645484603;
151704495;1645484603;3132645130;
151704495;3132645130;1645484586;
151704496;1645484607;1645484587;
151704497;1645484596;1809311092;
151704497;1809311092;1645484585;
151704497;1645484585;1645484607;
151704498;1645484630;1520373437;
151704498;1520373437;1520374155;
151704498;1520374155;1520374235;
151704498;1520374235;1520374250;
151704498;1520374250;1520374302;
151704498;1520374302;1520374254;
151704498;1520374254;1520374246;
151704498;1520374246;1520374230;
151704498;1520374230;1520374135;
151704498;1520374135;2880592677;
151704498;2880592677;1520374003;
151704498;1520374003;2880592675;
151704498;2880592675;1520373989;
151704498;1520373989;1520373895;
151704498;1520373895;1520373880;
151704498;1520373880;1520373904;
151704498;1520373904;1520373976;
151704498;1520373976;1520373988;
151704499;1520372854;1645484613;
151704499;1645484613;1645484594;
151704499;1645484594;1645484591;
151704499;1645484591;1520372722;
151704500;1645484630;1645484595;
151704500;1645484595;1520373304;
153208063;742656619;742656914;
153208063;742656914;742656686;
153208063;742656686;742656777;
153208063;742656777;742657023;
153208063;742657023;742656834;
153208063;742656834;742657065;
153208063;742657065;742656663;
153208063;742656663;742656940;
153208063;742656940;742656728;
153208063;742656728;742656979;
153208063;742656979;742657050;
153208063;742657050;742657009;
153208063;742657009;742656863;
153208067;742656809;742656878;
157570091;742656694;1698019338;
157570092;1698019210;1698019250;
157570092;1698019250;1698019285;
157570092;1698019285;1698019300;
157570092;1698019300;1698019258;
157570094;420782049;420782057;
157570094;420782057;742656722;
157570094;742656722;1698019258;
157570094;1698019258;742656815;
157570094;742656815;742656581;
157570094;742656581;742656694;
157570096;420782054;420782055;
157570096;420782055;420782056;
157570096;420782056;420782049;
160327558;1723769892;1723769784;
160327558;1723769784;1723769917;
160327558;1723769917;1723769896;
160327558;1723769896;1723769725;
160327558;1723769725;1723769758;
160327558;1723769758;1723769792;
160327558;1723769792;1723769820;
160327558;1723769820;1723769932;
160327558;1723769932;1723769844;
160327558;1723769844;4653492867;
160327558;4653492867;1723769938;
160327559;292782885;1723769930;
160327559;1723769930;1723769822;
160327559;1723769822;1723769881;
160327559;1723769881;1723769867;
160327562;1723769802;1723769848;
160327562;1723769848;1723769756;
160327562;1723769756;1723769934;
160327562;1723769934;1723769815;
160327562;1723769815;1723769852;
160327562;1723769852;1723769908;
160327562;1723769908;1723769764;
160327562;1723769764;1723769742;
160327566;1723769932;1723769804;
160327566;1723769804;1723769735;
160327566;1723769735;1723769792;
160327570;1723769756;1723769765;
160327570;1723769765;1723769727;
160327571;292622278;1723769764;
160327571;1723769764;1723769872;
160327571;1723769872;1723769846;
160327571;1723769846;1723769948;
160327571;1723769948;1723769854;
160327571;1723769854;1723769756;
161672630;742656878;742656619;
168970823;292622128;292622132;
168970824;292622132;1801522194;
168970824;1801522194;292622141;
168970835;292622257;1801522224;
168970835;1801522224;1801522223;
168970835;1801522223;1801522208;
168970836;1801522208;1801522204;
168970836;1801522204;1801522200;
168970836;1801522200;1801522198;
168970836;1801522198;292622258;
168970941;292622149;1801522190;
168970977;292622258;1801522212;
168970977;1801522212;292622404;
168970985;292622415;1801522228;
168970985;1801522228;292622253;
168971010;292622405;1801522226;
168971010;1801522226;292622257;
168971056;1723769764;1801522184;
168971056;1801522184;1723769863;
168971056;1723769863;1723769854;
201328044;2112846637;3115438517;
201328044;3115438517;2112846638;
201393635;1520372722;3115438514;
201393635;3115438514;2113627648;
201393635;2113627648;1520373032;
211481930;1520374625;1295087868;
211481930;1295087868;3140627103;
211483915;292622468;292622470;
211483917;292782846;1520373098;
211483917;1520373098;292782847;
211483917;292782847;1520373013;
211483917;1520373013;292782848;
211483917;292782848;292782849;
211483917;292782849;292782850;
211483917;292782850;1520372750;
211483917;1520372750;292782851;
211483917;292782851;292782852;
211483917;292782852;1520372738;
211483917;1520372738;292782853;
211483919;1520377696;3131102179;
211483919;3131102179;1520378126;
211483919;1520378126;3131102184;
211483919;3131102184;1520379411;
211483921;292782819;292782834;
211483921;292782834;292782835;
211483921;292782835;292782836;
211483921;292782836;292782837;
211483921;292782837;292782812;
211483922;1520374551;1520375113;
211483922;1520375113;1520375972;
211483922;1520375972;1520376465;
211483922;1520376465;1520377696;
211483923;1520377696;3131102172;
211483923;3131102172;3131102173;
211483923;3131102173;3131102174;
211483923;3131102174;1295087866;
212371342;295232660;295232543;
212371342;295232543;295232547;
212371342;295232547;295232548;
212371342;295232548;295232549;
212371342;295232549;295232550;
212371342;295232550;295232551;
212371342;295232551;295232574;
212371342;295232574;295232552;
212371342;295232552;295232553;
212371342;295232553;295232554;
212371342;295232554;295232555;
212371342;295232555;295232556;
212371342;295232556;295232557;
212371342;295232557;295232558;
212371342;295232558;295232559;
212371342;295232559;295232560;
212371342;295232560;295232561;
212371342;295232561;1723769867;
212371342;1723769867;295232562;
212371342;295232562;295232563;
212371342;295232563;295232564;
212371342;295232564;295232565;
212371342;295232565;295232566;
212371342;295232566;295232567;
212371342;295232567;295232568;
212371343;801924157;1520383146;
212371343;1520383146;1520382990;
212371343;1520382990;4199539124;
212371343;4199539124;1520381777;
212371343;1520381777;1584471082;
212371343;1584471082;3028479586;
212371343;3028479586;295232676;
212371343;295232676;3028696847;
212371343;3028696847;295232668;
212372191;295232568;292782862;
212372194;292782856;292782857;
212372194;292782857;292782858;
212372194;292782858;292782859;
212372194;292782859;1520373109;
212372194;1520373109;292782860;
212372194;292782860;292782861;
212372194;292782861;292782862;
212372196;2222272166;2222272160;
212372196;2222272160;2222272169;
212372196;2222272169;2222272158;
212372196;2222272158;2222272157;
212372980;2222277595;2222277599;
212372980;2222277599;2222277586;
212372980;2222277586;2222277593;
212372980;2222277593;292782895;
212372981;2222272171;2222272166;
230573987;1520375102;3131294626;
230573987;3131294626;3131295132;
230573987;3131295132;3131295166;
230573987;3131295166;3131295168;
230573987;3131295168;1295087867;
284319909;1520373904;2880592673;
284319909;2880592673;2880592674;
284319910;2880592675;2880592676;
284319911;2880592677;2880592678;
284319916;2880592699;2880592700;
284821379;2885253287;2885253292;
284821379;2885253292;2885253295;
284821379;2885253295;419846205;
284821380;2885253291;2885253290;
284821380;2885253290;2885253289;
284821380;2885253289;2885253288;
284821380;2885253288;2885253287;
284821381;2885253292;2885253294;
284821381;2885253294;2885253293;
284823091;2885275318;2885275319;
284823091;2885275319;2885275320;
284823091;2885275320;2885275321;
286085505;1391628505;1391628507;
286085505;1391628507;1391628509;
286085505;1391628509;1391628524;
286085505;1391628524;1391628522;
286085505;1391628522;1391628516;
286085505;1391628516;1391628529;
286085505;1391628529;1391628527;
286085505;1391628527;1391628492;
286085505;1391628492;1391628494;
286085505;1391628494;1391628520;
286085505;1391628520;1391628525;
286085505;1391628525;1391628511;
286085505;1391628511;1391628490;
286085505;1391628490;1391628514;
286085505;1391628514;1391628499;
286085505;1391628499;1391628483;
286085505;1391628483;1391628512;
286085505;1391628512;1391628519;
286085505;1391628519;1391628503;
286085505;1391628503;1361261295;
286085509;1391628505;1520372434;
286085509;1520372434;1520372444;
286085509;1520372444;1520372529;
286085509;1520372529;1520372531;
286085509;1520372531;3132645129;
286085509;3132645129;1520372553;
286085509;1520372553;1520372626;
286085509;1520372626;1520372544;
286085512;1391607801;2880592700;
286085512;2880592700;1391607799;
286085512;1391607799;1391607797;
286085512;1391607797;520161943;
286085515;1520373229;1520373290;
286085515;1520373290;520161954;
286085515;520161954;1520373304;
286085515;1520373304;1520373295;
286085515;1520373295;1520373228;
286085516;1520373228;520161938;
286085516;520161938;1520373103;
286085516;1520373103;520161941;
286085516;520161941;1520373016;
286085516;1520373016;520161943;
286085517;2222272157;292782911;
286085517;292782911;2222277589;
286085517;2222277589;2222277595;
286085518;2222277595;2222277605;
286085518;2222277605;2222277602;
286085518;2222277602;2222277597;
297755597;1520371070;3137393727;
297755597;3137393727;1520371304;
297755597;1520371304;3137415290;
297755597;3137415290;1520371691;
297755597;1520371691;1520372071;
297755597;1520372071;1520372423;
297755597;1520372423;1520372544;
297755597;1520372544;1645484586;
297755597;1645484586;1809311087;
297755597;1809311087;1520372722;
298496961;1415548402;295232583;
298496961;295232583;1520378033;
298496961;1520378033;295232584;
298496961;295232584;1415548405;
298496961;1415548405;295232586;
298875920;1520378033;3127979660;
298875920;3127979660;3127979672;
298875920;3127979672;1520379397;
298883022;3028549671;3028549672;
298883022;3028549672;295232579;
298888962;3028549663;3028549661;
298888962;3028549661;3028549662;
298888962;3028549662;3028549665;
298888962;3028549665;3028549666;
298888962;3028549666;3028549668;
298888962;3028549668;3028549669;
298888962;3028549669;3028549671;
298888962;3028549671;3028549673;
298888962;3028549673;3028549675;
298888962;3028549675;295232580;
298888964;295232580;3028549676;
298888964;3028549676;3028549674;
298888964;3028549674;295232579;
298888964;295232579;3028549670;
298888964;3028549670;295232578;
298888964;295232578;295232577;
298888964;295232577;3028549667;
298888964;3028549667;295232576;
298888964;295232576;3028549664;
298888964;3028549664;295232575;
298888964;295232575;3028549663;
298888969;3028549663;3029874517;
298888969;3029874517;295232574;
298888971;3028549666;3028549667;
298888973;295232579;295232653;
298888973;295232653;3028479585;
298888973;3028479585;295232651;
298888973;295232651;295232648;
298888973;295232648;3028479584;
298998623;2222277597;292782897;
298998623;292782897;292782898;
298998623;292782898;292782899;
298998623;292782899;292782900;
298998623;292782900;292782915;
298998623;292782915;292782916;
298998623;292782916;295232638;
298998623;295232638;292782917;
298998623;292782917;292782918;
298998623;292782918;292782919;
298998623;292782919;1415548397;
298998623;1415548397;292782920;
298998623;292782920;292782921;
298998623;292782921;292782823;
298998623;292782823;292782822;
298998623;292782822;292782821;
298998624;292782821;3029278618;
298998624;3029278618;3029278620;
299041061;295232598;295232597;
299041061;295232597;295232596;
299041061;295232596;295232595;
299041061;295232595;295232594;
299041061;295232594;295232593;
299041061;295232593;295232592;
299041061;295232592;1415548396;
299041062;1415548396;295232591;
299041062;295232591;295232590;
299041062;295232590;1415548398;
299041062;1415548398;295232589;
299041062;295232589;295232588;
299041062;295232588;3029730198;
299041062;3029730198;295232580;
305757089;801924146;3105861713;
305757089;3105861713;3105861704;
305757089;3105861704;3105861703;
305757089;3105861703;1520373989;
305757090;1520374540;3105909839;
305757090;3105909839;1520374521;
305757090;1520374521;1520374121;
305757090;1520374121;1520373988;
305757091;801924146;3105861714;
305757091;3105861714;1520375496;
305757091;1520375496;1520376486;
305757091;1520376486;1520376722;
305757091;1520376722;3131268263;
305757091;3131268263;3131422546;
305757091;3131422546;1520377397;
305757091;1520377397;3131268267;
305757091;3131268267;1520377996;
305757091;1520377996;3131268273;
305757091;3131268273;3131268274;
305757091;3131268274;1520378107;
305757091;1520378107;3131268276;
305757091;3131268276;1520378335;
305757091;1520378335;1520378483;
305757091;1520378483;3104214067;
306580343;1520373409;1520373440;
306580343;1520373440;1520373404;
306580343;1520373404;1520373222;
306580344;1520372443;1520372536;
306580344;1520372536;1520372627;
306580345;1520372716;3115438511;
306580345;3115438511;3115438510;
306580345;3115438510;1520372627;
306580346;1520372627;1520372647;
306580346;1520372647;3115438513;
306580346;3115438513;3115438512;
306580346;3115438512;1520372716;
306587219;1520371296;3115505417;
306587219;3115505417;3115505418;
306587219;3115505418;3115505416;
307599361;3127979670;3127979658;
307889190;3131173020;3131173014;
308244829;1391628509;1520371843;
308244829;1520371843;1520371870;
308244829;1520371870;1520372041;
308244829;1520372041;1520372071;
308244834;3135366551;1391609425;
308244835;3135366549;3135366550;
308244837;3135366559;3135366551;
308244837;3135366551;3135366549;
308244837;3135366549;3135366548;
308259342;1520043532;1520043677;
308259342;1520043677;1520043820;
308259342;1520043820;1520371064;
308259342;1520371064;1520371092;
308259342;1520371092;1520371870;
308454070;3137415290;3137415296;
310717282;419846205;292782890;
310717282;292782890;292783512;
310717282;292783512;292783513;
310717282;292783513;292783514;
310717282;292783514;2885274951;
310717282;2885274951;292783516;
310717282;292783516;292783517;
310717282;292783517;2852069034;
310717282;2852069034;292783518;
310717282;292783518;292783519;
310717282;292783519;292783520;
310717282;292783520;292783521;
310717282;292783521;292783523;
310717282;292783523;2885255270;
310717282;2885255270;292783526;
310717283;2885253293;419846205;
311450418;292622098;292622101;
311450418;292622101;292622102;
311450418;292622102;292622105;
311450418;292622105;292622110;
311450418;292622110;292622111;
311450418;292622111;292622112;
311450418;292622112;292622113;
311450418;292622113;292622114;
311450418;292622114;292622116;
311450418;292622116;292622118;
311450418;292622118;292622119;
311450419;3170987770;3170987771;
311450419;3170987771;3170987769;
311450419;3170987769;3170987768;
311450419;3170987768;3170987767;
311450419;3170987767;3170987765;
311450419;3170987765;3170987761;
311450419;3170987761;292622211;
311450421;292622091;292622089;
311450421;292622089;292622095;
311450421;292622095;292622096;
311450421;292622096;292622098;
334201786;3412978985;3412978986;
453797078;292782853;1520372749;
453797078;1520372749;292782854;
453797078;292782854;292782855;
453797078;292782855;292782856;
471188141;1723769820;4653492868;
471188141;4653492868;4653492869;
471188141;4653492869;4653492879;
471188141;4653492879;4653492881;
471188141;4653492881;4653492882;
471188141;4653492882;4653492880;
471188141;4653492880;4653492870;
471188141;4653492870;4653492885;
471188141;4653492885;4653492883;
471188141;4653492883;4653492886;
471188141;4653492886;4653492884;
471188141;4653492884;4653492871;
471188141;4653492871;4653492872;
471188141;4653492872;4653493591;
471188141;4653493591;4653492888;
471188141;4653492888;4653493590;
471188141;4653493590;4653492887;
471188141;4653492887;4653493589;
471188141;4653493589;4653492873;
471188141;4653492873;4653492874;
471188141;4653492874;4653493594;
471188141;4653493594;4653493593;
471188141;4653493593;4653493595;
471188141;4653493595;4653493592;
471188141;4653493592;4653493596;
471188141;4653493596;4653493597;
471188141;4653493597;4653493598;
471188141;4653493598;4653493600;
471188141;4653493600;4653492875;
471188141;4653492875;4653493599;
471188141;4653493599;4653492876;
471188141;4653492876;4653493601;
471188141;4653493601;4653492877;
471188141;4653492877;4653492878;
471188141;4653492878;1723769932;
479701825;2885253291;292782888;
479701825;292782888;2885253293;
