35145152;412249442;2072674371;
35145152;2072674371;2072674370;
35145152;2072674370;412249443;
35145152;412249443;4517268370;
35145152;4517268370;412249444;
35145152;412249444;412249445;
35145152;412249445;412249446;
35145152;412249446;412246602;
35145272;412246602;412247985;
35145272;412247985;1223751669;
35145272;1223751669;1223751757;
35145272;1223751757;412247991;
35145272;412247991;1223751671;
35145272;1223751671;1223751572;
35145272;1223751572;4573598489;
35145272;4573598489;412247996;
35145272;412247996;4573598490;
35145272;4573598490;412248000;
35145272;412248000;412248004;
35145272;412248004;412248006;
35145272;412248006;4523942708;
35145272;4523942708;412248011;
35145272;412248011;1223751610;
35145272;1223751610;412248019;
35145521;411504977;412249448;
35145521;412249448;4566797421;
35145521;4566797421;4718388481;
35145521;4718388481;412249449;
35145521;412249449;412249450;
35145521;412249450;412248019;
35145521;412248019;412249451;
35145521;412249451;420776939;
35145521;420776939;432578781;
35145521;432578781;4523960189;
35145521;4523960189;420776943;
36979228;3554953679;2156098729;
36979228;2156098729;2156098719;
36979228;2156098719;2156098755;
36979228;2156098755;2617650080;
36979228;2617650080;2156098708;
36979228;2156098708;2156098689;
36979228;2156098689;4381097464;
36979228;4381097464;2156104170;
36979228;2156104170;3554953687;
36979228;3554953687;3554953688;
36979228;3554953688;430006697;
37141967;420776943;435240914;
37141967;435240914;4523960191;
37141967;4523960191;2185792256;
37141967;2185792256;432578826;
37141967;432578826;432578827;
37141967;432578827;1223751630;
37141967;1223751630;432578828;
37141967;432578828;435240917;
37141967;435240917;784475024;
37141968;432578781;4517268078;
37141968;4517268078;1223751641;
37141968;1223751641;1223751723;
37141968;1223751723;430012030;
37141968;430012030;4517268312;
37141968;4517268312;1223751683;
37141968;1223751683;4517268075;
37141968;4517268075;430012028;
37141968;430012028;2185848579;
37338732;435240914;435240906;
41380172;435240906;3573222096;
41380172;3573222096;506111738;
41380172;506111738;3573222097;
41380172;3573222097;2185756687;
106334866;1223751757;1223751746;
198248591;2084090870;2084090868;
205638142;2156098713;2156098707;
205638142;2156098707;2156098749;
205638142;2156098749;2156098752;
205638142;2156098752;2156098711;
205638142;2156098711;2156098756;
205638142;2156098756;2156098746;
205638142;2156098746;2156098750;
205638142;2156098750;3573222099;
205638142;3573222099;2156098719;
205638144;2156098755;2156098710;
205638144;2156098710;2156098725;
205638144;2156098725;2156098713;
205638144;2156098713;2156098709;
205638144;2156098709;3573222118;
205638144;3573222118;2156098708;
205638147;2156098695;3573222098;
205638147;3573222098;2156098729;
208265320;4282469045;4282469046;
208265320;4282469046;4282469047;
208265320;4282469047;2185792255;
208265320;2185792255;4517268326;
208265320;4517268326;2185792256;
208272059;4517268326;4282469049;
208272059;4282469049;4517268307;
208272059;4517268307;4517268293;
238249554;2460915651;2460915652;
238249554;2460915652;2460915653;
238249554;2460915653;2460915654;
238249554;2460915654;2460915655;
238249554;2460915655;2460915651;
316459169;420776943;3554953676;
316459169;3554953676;430006694;
316459169;430006694;3554953681;
316459169;3554953681;4149583051;
316459169;4149583051;3573222107;
316459169;3573222107;420776945;
316459169;420776945;420807840;
349643887;3554953676;3554953677;
349643887;3554953677;3554953679;
349643889;3554953681;3554953680;
349643889;3554953680;3554953679;
351525693;3573222212;3573222201;
351525693;3573222201;3573222198;
351525693;3573222198;3573222157;
351525693;3573222157;3573222138;
351525693;3573222138;3573222133;
351525693;3573222133;3573222132;
351525693;3573222132;3573222130;
351525693;3573222130;3573222128;
351525693;3573222128;3573222109;
351525693;3573222109;3573222108;
351525693;3573222108;3573222104;
351525729;3573222108;3573222127;
351525729;3573222127;3573222128;
351525773;3573222107;3573222110;
351525773;3573222110;3573222114;
351525773;3573222114;3573222116;
351525773;3573222116;3573222124;
351525773;3573222124;3573222125;
351525773;3573222125;3573222126;
429123180;4282469042;4517268344;
429123180;4517268344;4282469044;
448190641;4452244284;4523942718;
448190641;4523942718;4452244285;
448190642;4452244284;4452244280;
448190642;4452244280;4452244281;
448190642;4452244281;4452244282;
448190642;4452244282;4452244283;
448858674;412246608;412246607;
448858674;412246607;412246606;
448858674;412246606;412246604;
448858674;412246604;412246603;
448858674;412246603;412246602;
455315129;4282469045;4517268308;
455315129;4517268308;4517268309;
455315129;4517268309;4517268356;
455315129;4517268356;4282469044;
455315130;4517268310;4517268311;
455315130;4517268311;4517268312;
455315138;4517268343;4517268349;
455315138;4517268349;4517268344;
455315148;1548554599;4718388087;
455315148;4718388087;4517268373;
455315148;4517268373;4718388088;
455315148;4718388088;2084090869;
455315148;2084090869;2084090868;
455315148;2084090868;2084090873;
455315148;2084090873;4718388289;
455315148;4718388289;4718388290;
455315148;4718388290;2084090871;
455315148;2084090871;412246602;
456117157;4452244279;4523942704;
456117157;4523942704;4523942705;
456117157;4523942705;4523942706;
456117157;4523942706;4523942707;
456117157;4523942707;4523942708;
456117158;4452244284;4452244279;
456117158;4452244279;4523942709;
456117158;4523942709;4523942710;
456117158;4523942710;4523942711;
456117158;4523942711;4523942712;
456117158;4523942712;4523942713;
456117158;4523942713;4718388481;
456117161;4523942720;4523942721;
456117161;4523942721;4452244279;
456118771;4523960189;4534707505;
456118771;4534707505;4523960190;
456118771;4523960190;4523960191;
461925686;2185848579;430012027;
461925686;430012027;430012058;
461925686;430012058;430012057;
461925686;430012057;4282469042;
461925686;4282469042;432578830;
461925686;432578830;435240898;
461925686;435240898;4282469037;
461925686;4282469037;4282469015;
461925686;4282469015;432578831;
461925687;4282469049;2185848583;
461925687;2185848583;2185848586;
461925687;2185848586;2185848584;
461925687;2185848584;2185848565;
461925687;2185848565;2185848581;
461925687;2185848581;2185848561;
461925687;2185848561;2185848588;
461925687;2185848588;4517268358;
461925687;4517268358;2185848577;
461925687;2185848577;2185848563;
461925687;2185848563;2185848567;
461925687;2185848567;2185848568;
461925687;2185848568;2185848579;
