4306658;26122781;3713963961;
4306658;3713963961;3713963958;
4306658;3713963958;3713963955;
4306658;3713963955;3713963954;
4306658;3713963954;26057801;
4306660;26122784;3713963423;
4306660;3713963423;112652825;
4306660;112652825;3713963419;
4306660;3713963419;3713963417;
4306660;3713963417;3713963414;
4306660;3713963414;26057776;
4306660;26057776;3713963410;
4306660;3713963410;112652828;
4306660;112652828;3713963406;
4306660;3713963406;26057774;
4306660;26057774;3713963404;
4306660;3713963404;112652829;
4306660;112652829;3713963407;
4306660;3713963407;26057772;
4306660;26057772;3713963411;
4306660;3713963411;3713963412;
4306660;3713963412;112652830;
4306660;112652830;3713963418;
4306660;3713963418;3713963420;
4306660;3713963420;26057769;
4306660;26057769;3713963421;
4306660;3713963421;3713963422;
4306660;3713963422;112652831;
4306660;112652831;3713963424;
4306660;3713963424;26057767;
4306660;26057767;112652832;
4306660;112652832;3713963928;
4306660;3713963928;3713963929;
4306660;3713963929;3713963930;
4306660;3713963930;26057764;
4306660;26057764;112652833;
4306660;112652833;26057762;
4306660;26057762;3713963934;
4306660;3713963934;3713963933;
4306660;3713963933;3713963932;
4306660;3713963932;112652932;
4306661;26057853;3713963415;
4306661;3713963415;3713963413;
4306661;3713963413;26057854;
4306661;26057854;3713963408;
4306661;3713963408;112654450;
4306661;112654450;3713963403;
4306661;3713963403;3713963401;
4306661;3713963401;112654452;
4306661;112654452;3713963399;
4306661;3713963399;26057855;
4306661;26057855;3713963397;
4306661;3713963397;112653914;
4306661;112653914;3713963395;
4306661;3713963395;26057856;
4306661;26057856;3713963392;
4306661;3713963392;112653915;
4306661;112653915;3713963393;
4306661;3713963393;3713963394;
4306661;3713963394;26057857;
4306661;26057857;3713963396;
4306661;3713963396;112653406;
4306661;112653406;3713963398;
4306661;3713963398;26057858;
4306661;26057858;3713963400;
4306661;3713963400;26122720;
4306662;3139458027;3139458019;
4306662;3139458019;26057847;
4306662;26057847;26057848;
4306662;26057848;3139458026;
4306662;3139458026;3713963925;
4306662;3713963925;3713963926;
4306662;3713963926;26057849;
4306662;26057849;3713963931;
4306662;3713963931;3713963935;
4306662;3713963935;3713963938;
4306662;3713963938;26057850;
4306662;26057850;3713963941;
4306662;3713963941;26057852;
4306662;26057852;26122724;
13797528;287458354;287458362;
13797528;287458362;287458356;
13797528;287458356;420865858;
13797528;420865858;2583930788;
26248552;287458423;430267067;
26248556;287458391;287458392;
26248558;287458423;287458425;
26248558;287458425;4496173898;
26248558;4496173898;4496173895;
26248558;4496173895;4496173896;
26248558;4496173896;287458427;
26248558;287458427;4496173897;
26248558;4496173897;4496173889;
26248558;4496173889;430267072;
26248558;430267072;4496173388;
26248558;4496173388;431615501;
26248558;431615501;1187434185;
26248558;1187434185;3151242977;
26248558;3151242977;287458391;
26248559;287458431;4378186376;
26248559;4378186376;4378186209;
26248559;4378186209;4378186138;
26248559;4378186138;2156104173;
26248559;2156104173;4378185977;
26248559;4378185977;4378185958;
26248559;4378185958;287458429;
26248559;287458429;2156098702;
26248559;2156098702;4378185663;
26248559;4378185663;2156104175;
26248559;2156104175;4378185615;
26248559;4378185615;430006697;
26248559;430006697;287458442;
26248559;287458442;287458440;
26248559;287458440;3554953684;
26248559;3554953684;4210849144;
26248559;4210849144;4210849143;
26248559;4210849143;4202779474;
26248559;4202779474;412246600;
26248560;287458433;4496173385;
26248560;4496173385;4496173387;
26248560;4496173387;287458392;
27103806;128560419;2485736716;
27103806;2485736716;297369929;
27103806;297369929;297369930;
27103806;297369930;4585887657;
27103806;4585887657;297369931;
27103806;297369931;4585887654;
27103806;4585887654;2485736721;
27103806;2485736721;297369932;
27103806;297369932;4585887646;
27103806;4585887646;4585887653;
27103806;4585887653;297369933;
27103806;297369933;431647237;
27103806;431647237;297369934;
27103806;297369934;3250683243;
27103806;3250683243;431647238;
27103806;431647238;2485736724;
29035149;112651991;112651992;
29035151;112652932;112613608;
29035153;112613608;26057853;
35145153;444011310;4381093243;
35145153;4381093243;2617650079;
35145153;2617650079;1548554613;
35145153;1548554613;412246608;
35145521;411504977;412249448;
35145521;412249448;4566797421;
35145521;4566797421;4718388481;
35145521;4718388481;412249449;
35145521;412249449;412249450;
35145521;412249450;412248019;
35145521;412248019;412249451;
35145521;412249451;420776939;
35145521;420776939;432578781;
35145521;432578781;4523960189;
35145521;4523960189;420776943;
35145522;412246600;2617650078;
35145522;2617650078;1548554615;
35145522;1548554615;412246608;
35997529;112613592;2622548691;
35997529;2622548691;2622548689;
35997529;2622548689;4378186448;
35997529;4378186448;444004655;
35997529;444004655;2622548690;
35997529;2622548690;444004645;
35997529;444004645;420774512;
35997529;420774512;3170300793;
35997529;3170300793;2060757030;
35997529;2060757030;4378185396;
35997529;4378185396;2060757032;
35997529;2060757032;4202779469;
35997529;4202779469;4526607778;
35997529;4526607778;2485736709;
35997529;2485736709;2485736710;
35997529;2485736710;432597947;
35997762;420776909;420776894;
35997763;112613604;2846609715;
35997763;2846609715;2846609714;
35997763;2846609714;2846609713;
35997763;2846609713;444026528;
35997763;444026528;444026527;
35997763;444026527;420776961;
36001071;287458431;420807841;
36005752;429854630;429854643;
36005752;429854643;420865815;
36005753;420865849;420865851;
36005753;420865851;420865853;
36005753;420865853;420865854;
36005754;420865854;429200554;
36005754;429200554;420865856;
36005754;420865856;430284828;
36005754;430284828;430284839;
36005754;430284839;420865858;
36005755;420865835;420865840;
36005755;420865840;420865842;
36005755;420865842;420865844;
36005755;420865844;1728071952;
36005755;1728071952;1728071935;
36005755;1728071935;420865845;
36005755;420865845;1728071897;
36005755;1728071897;420865847;
36005755;420865847;788743514;
36005756;420865815;420865825;
36005756;420865825;420865827;
36005756;420865827;429205513;
36905352;420776894;2846609716;
36905352;2846609716;429205569;
36905352;429205569;4419264597;
36905352;4419264597;430273240;
36965446;420776894;429833940;
36965446;429833940;429833942;
36965446;429833942;788826675;
36965446;788826675;1221804114;
36965446;1221804114;429833943;
36965446;429833943;429833945;
36965446;429833945;429833953;
36965446;429833953;1221776530;
36965447;429833964;4496173894;
36965447;4496173894;429833965;
36965447;429833965;4496173893;
36965447;4496173893;4496173890;
36965447;4496173890;4496173891;
36965447;4496173891;4496173892;
36965447;4496173892;429833968;
36965447;429833968;429833970;
36965448;429833978;429833975;
36965448;429833975;429833973;
36965448;429833973;429833979;
36965448;429833979;429833970;
36966144;430137470;429833998;
36966144;429833998;429833996;
36966144;429833996;429833994;
36966144;429833994;429833991;
36966144;429833991;429833988;
36966145;429833988;429833978;
36968124;429854607;429854610;
36968124;429854610;429854611;
36968124;429854611;429854613;
36968124;429854613;429854618;
36968124;429854618;429854620;
36968124;429854620;429854622;
36968124;429854622;429854624;
36968126;420865815;429854626;
36968127;420865815;1728071894;
36968131;429854643;429854645;
36968131;429854645;429854646;
36979228;3554953679;2156098729;
36979228;2156098729;2156098719;
36979228;2156098719;2156098755;
36979228;2156098755;2617650080;
36979228;2617650080;2156098708;
36979228;2156098708;2156098689;
36979228;2156098689;4381097464;
36979228;4381097464;2156104170;
36979228;2156104170;3554953687;
36979228;3554953687;3554953688;
36979228;3554953688;430006697;
36988344;430137470;430137471;
36988344;430137471;430137472;
36988344;430137472;430137474;
36988344;430137474;430137475;
36988344;430137475;430137476;
36988344;430137476;430137477;
36988344;430137477;430137478;
36996349;287458423;4496173899;
36996349;4496173899;429833964;
36996350;430267067;430267068;
36996350;430267068;4496173900;
36996350;4496173900;430267069;
36996350;430267069;4496173901;
36996350;4496173901;430267070;
36996352;429833970;430267076;
36996352;430267076;431615493;
36996352;431615493;431615500;
36996352;431615500;430267072;
36996353;3554953706;431615494;
36996353;431615494;430267080;
36996353;430267080;3554953708;
36996353;3554953708;430267082;
36996353;430267082;430267081;
36996354;3554953710;430267083;
36996354;430267083;431925046;
36996745;430273240;430273244;
36996745;430273244;1221776530;
36996746;1816888566;4419264595;
36996746;4419264595;4419264596;
36996746;4419264596;4494941282;
36996746;4494941282;1816888560;
36996746;1816888560;430273247;
36996746;430273247;4494941281;
36996746;4494941281;430273240;
36996747;4494941277;432862420;
36996747;432862420;430273258;
36996747;430273258;1221776584;
36996747;1221776584;1221776620;
36996747;1221776620;430273261;
36996747;430273261;1221776530;
36996748;4494941277;4494941284;
36996748;4494941284;429205574;
36996749;4494941286;4494941285;
36996750;430273263;4494941287;
36996750;4494941287;430273266;
36996751;429200550;4496228771;
36996751;4496228771;1187411618;
36996751;1187411618;3605024681;
36996751;3605024681;1187411624;
36996751;1187411624;432874391;
36996751;432874391;430273273;
36996752;430273276;4496228774;
36996752;4496228774;1221776602;
36996752;1221776602;4496228777;
36996752;4496228777;4496228778;
36996752;4496228778;4498987485;
36996752;4498987485;430273277;
36996752;430273277;432874382;
36996752;432874382;432874383;
36997778;420865844;430284711;
36997778;430284711;1728071962;
36997778;1728071962;430284714;
36997778;430284714;430284716;
36997778;430284716;1728071846;
36997778;1728071846;1728071836;
36997778;1728071836;430284718;
36997778;430284718;1728071806;
36997778;1728071806;1728071833;
36997778;1728071833;430284723;
36997778;430284723;430284725;
36997778;430284725;420865847;
36997779;287458354;430284746;
36997779;430284746;430284743;
36997779;430284743;430284741;
36997779;430284741;430284739;
36997779;430284739;430284736;
36997779;430284736;430284734;
36997779;430284734;430284732;
36997779;430284732;430284730;
36997779;430284730;430284728;
36997779;430284728;429200554;
36997780;430284736;430284752;
36997780;430284752;430284750;
36997780;430284750;430284748;
36997780;430284748;429200555;
36997781;420865858;430284754;
36997781;430284754;430284757;
36997782;2583930769;430284757;
36997782;430284757;4496173948;
36997782;4496173948;430284763;
36997783;430284754;430284766;
36997783;430284766;430284769;
36997783;430284769;430284771;
36997783;430284771;1153073428;
36997783;1153073428;430284773;
36997783;430284773;2358824020;
36997783;2358824020;430284775;
36997783;430284775;430284777;
36997783;430284777;430284786;
36997783;430284786;430284788;
36997783;430284788;287458354;
36997784;420865849;430284789;
36997784;430284789;788743521;
36997784;788743521;430284790;
36997784;430284790;737409653;
36997784;737409653;788743496;
36997784;788743496;430284791;
36997785;430284791;434137193;
36997785;434137193;430284820;
36997785;430284820;430284822;
36997785;430284822;788743388;
36997785;788743388;430284823;
36997785;430284823;430284826;
36997785;430284826;430284828;
36997786;430284793;2583946063;
36997787;430284836;430284834;
36997787;430284834;430284833;
36997788;430284792;788743450;
36997788;788743450;788743468;
36997788;788743468;788743401;
36997788;788743401;788743413;
36997788;788743413;788743559;
36997788;788743559;788743553;
36997788;788743553;430284842;
36997788;430284842;430284841;
36997788;430284841;430284839;
37014841;420865860;429854607;
37014841;429854607;2082720512;
37014841;2082720512;429200540;
37014841;429200540;287458433;
37014841;287458433;4496173384;
37014841;4496173384;4496173386;
37014841;4496173386;429200541;
37014841;429200541;429200542;
37014841;429200542;429200543;
37014841;429200543;430137470;
37014841;430137470;4496228767;
37014841;4496228767;429200545;
37014841;429200545;738940500;
37014841;738940500;738940465;
37014841;738940465;429200546;
37014841;429200546;738940471;
37014841;738940471;429200547;
37014841;429200547;4496228768;
37014841;4496228768;1037307067;
37014841;1037307067;4496228769;
37014841;4496228769;429200548;
37014841;429200548;429200549;
37014841;429200549;432874393;
37014841;432874393;4496228770;
37014841;4496228770;429200550;
37014841;429200550;4496228772;
37014841;4496228772;429200551;
37014841;429200551;4496228773;
37014841;4496228773;1187411649;
37014841;1187411649;429200552;
37014841;429200552;4496228775;
37014841;4496228775;430273276;
37014841;430273276;4496228776;
37014841;4496228776;4494941272;
37014841;4494941272;429200553;
37111743;430267072;430267073;
37111743;430267073;3151242975;
37111743;3151242975;430267074;
37111744;431615495;431615496;
37111744;431615496;431615497;
37111744;431615497;1244598176;
37111744;1244598176;431615498;
37111744;431615498;431615499;
37112931;431647245;4441072618;
37112931;4441072618;4441072617;
37112931;4441072617;431647254;
37112931;431647254;431647259;
37112931;431647259;431647261;
37112931;431647261;431647262;
37112931;431647262;431647264;
37112931;431647264;431647266;
37112931;431647266;431647269;
37112931;431647269;431647272;
37112931;431647272;4605838352;
37112931;4605838352;431647273;
37112931;431647273;4605838355;
37112931;4605838355;4605838354;
37112931;4605838354;431647274;
37112931;431647274;1837927571;
37112931;1837927571;4605838353;
37112931;4605838353;2485736724;
37120131;1221776530;738940473;
37120131;738940473;738940435;
37120131;738940435;429833958;
37120131;429833958;430267081;
37120131;430267081;431615495;
37120131;431615495;429833960;
37120131;429833960;431925047;
37120133;430267067;435759033;
37120133;435759033;287458421;
37120133;287458421;3139458233;
37120134;431615493;430267077;
37120134;430267077;1187434186;
37120134;1187434186;431615502;
37120134;431615502;430267078;
37120135;431925048;1221776530;
37120542;431947932;4415729445;
37120542;4415729445;431947965;
37120543;431947965;431947934;
37120544;431947934;4499009841;
37120544;4499009841;4494941244;
37120544;4494941244;431947936;
37120544;431947936;4494941245;
37120544;4494941245;431947938;
37120544;431947938;4494941246;
37120544;4494941246;431947940;
37120544;431947940;4494941247;
37120544;4494941247;4494941248;
37120544;4494941248;431947942;
37120544;431947942;431947945;
37120544;431947945;4541182493;
37120544;4541182493;4494941249;
37120544;4494941249;4494941250;
37120544;4494941250;431947960;
37120544;431947960;4494941252;
37120544;4494941252;4494941251;
37120544;4494941251;431947948;
37120544;431947948;4494941253;
37120544;4494941253;431947950;
37120544;431947950;4494941254;
37120544;4494941254;4415729245;
37120544;4415729245;435206312;
37120544;435206312;1103134724;
37120544;1103134724;4541182494;
37120544;4541182494;4494941260;
37120544;4494941260;4494941259;
37120544;4494941259;4494941262;
37120544;4494941262;431947952;
37120545;3573222263;431947969;
37120545;431947969;1402787144;
37120545;1402787144;4405120402;
37120545;4405120402;431947932;
37141967;420776943;435240914;
37141967;435240914;4523960191;
37141967;4523960191;2185792256;
37141967;2185792256;432578826;
37141967;432578826;432578827;
37141967;432578827;1223751630;
37141967;1223751630;432578828;
37141967;432578828;435240917;
37141967;435240917;784475024;
37141968;432578781;4517268078;
37141968;4517268078;1223751641;
37141968;1223751641;1223751723;
37141968;1223751723;430012030;
37141968;430012030;4517268312;
37141968;4517268312;1223751683;
37141968;1223751683;4517268075;
37141968;4517268075;430012028;
37141968;430012028;2185848579;
37143412;432597949;4526607779;
37143412;4526607779;2485736711;
37143412;2485736711;432597947;
37194468;430273261;4494941279;
37194468;4494941279;4494941280;
37194468;4494941280;432862422;
37194468;432862422;432862423;
37194468;432862423;4494941278;
37194468;4494941278;1221776605;
37194468;1221776605;432862420;
37195037;432874382;4498987483;
37195037;4498987483;432874398;
37195037;432874398;432874399;
37195037;432874399;1221776523;
37195037;1221776523;1221776443;
37195037;1221776443;432874400;
37195037;432874400;1728071592;
37195038;432874393;432874402;
37195038;432874402;432874403;
37195038;432874403;432874404;
37202411;433073096;433073097;
37202411;433073097;430273266;
37202412;1221776764;1037307066;
37202412;1037307066;431947984;
37202412;431947984;1037307073;
37202412;1037307073;1037307019;
37202412;1037307019;1037307023;
37202412;1037307023;4590986045;
37202412;4590986045;433073100;
37202412;433073100;4498987615;
37202412;4498987615;430273270;
37202412;430273270;4498987612;
37202412;4498987612;1037307081;
37202412;1037307081;4498987611;
37202412;4498987611;1037307034;
37202412;1037307034;4494941489;
37202412;4494941489;4494941288;
37202412;4494941288;433073098;
37202412;433073098;433073099;
37202412;433073099;4498987610;
37202412;4498987610;1037307111;
37202412;1037307111;4498987609;
37202412;4498987609;1037307006;
37202412;1037307006;429205589;
37202413;433073100;433073101;
37202413;433073101;433073102;
37202414;430273266;4494941491;
37202416;433073103;4496228785;
37202416;4496228785;4496228784;
37202416;4496228784;433073105;
37202416;433073105;433073106;
37202416;433073106;4494941283;
37202416;4494941283;1221776573;
37202416;1221776573;1221776392;
37202416;1221776392;4415729254;
37202416;4415729254;1221776450;
37202416;1221776450;4415729252;
37202416;4415729252;4415729253;
37221653;431947979;4541182492;
37221653;4541182492;433469167;
37221653;433469167;445028096;
37221653;445028096;4031281722;
37221653;4031281722;4496229603;
37221653;4496229603;4494941497;
37262656;420865853;788743500;
37262656;788743500;434137190;
37262656;434137190;434137191;
37262656;434137191;788743538;
37262656;788743538;434137192;
37262656;434137192;434137193;
37262657;434137191;420865854;
37336453;429200553;4494941267;
37336453;4494941267;435206314;
37336454;429205589;4496228783;
37336454;4496228783;4496228782;
37336454;4496228782;1103134723;
37336454;1103134723;1244598170;
37336454;1244598170;4494941255;
37336454;4494941255;435206312;
37338732;435240914;435240906;
37338733;435240917;435240959;
37352974;435759029;435759031;
37352975;435759031;430267083;
37393312;433469150;436639236;
37393312;436639236;4502840761;
37393312;4502840761;4502840765;
37393312;4502840765;4493046060;
37393312;4493046060;4493046061;
37393312;4493046061;4502840762;
37393312;4502840762;4502840766;
37393312;4502840766;4502840764;
37393312;4502840764;4493046062;
37393312;4493046062;4493046063;
37393312;4493046063;4502840763;
37393312;4502840763;436639237;
37393312;436639237;4502840767;
37393312;4502840767;3230463778;
37393312;3230463778;4502840771;
37393312;4502840771;4502840768;
37393312;4502840768;4502840769;
37393312;4502840769;4493046065;
37393312;4493046065;436639238;
37393312;436639238;4502840770;
37393312;4502840770;436639239;
37393312;436639239;4493046064;
37393312;4493046064;436639240;
37393312;436639240;3230463782;
37393312;3230463782;433469154;
37855519;112613596;444004614;
37855519;444004614;444004615;
37855519;444004615;2489687347;
37855519;2489687347;444004616;
37855519;444004616;2489687348;
37855519;2489687348;444004617;
37855519;444004617;2489687349;
37855519;2489687349;444004618;
37855519;444004618;2489687350;
37855519;2489687350;444004619;
37855519;444004619;444004620;
37855520;444004620;4378186498;
37855520;4378186498;444004625;
37855521;444004626;444004627;
37855522;444004628;444004629;
37855523;444004620;444004621;
37855523;444004621;444004626;
37855523;444004626;444004622;
37855523;444004622;444004630;
37855523;444004630;444004631;
37855523;444004631;444004632;
37855523;444004632;444004633;
37855523;444004633;444004634;
37855523;444004634;444004638;
37855523;444004638;4526607772;
37855523;4526607772;444004639;
37855523;444004639;4526607773;
37855523;4526607773;444004640;
37855523;444004640;4526607774;
37855523;4526607774;444004641;
37855523;444004641;444004646;
37855523;444004646;444004644;
37855523;444004644;444004645;
37855524;444004646;444004647;
37855525;444004648;2102009665;
37855525;2102009665;2060757057;
37855525;2060757057;444004649;
37855525;444004649;2060757023;
37855525;2060757023;2060757087;
37855525;2060757087;2060757085;
37855525;2060757085;2060757045;
37855525;2060757045;2060757099;
37855526;112613589;444004651;
37855526;444004651;444004649;
37855527;444004651;2605258290;
37855527;2605258290;444004650;
37855528;444004652;444004653;
37855528;444004653;444004654;
37855528;444004654;4526607771;
37855528;4526607771;444004655;
37856823;444026518;444026520;
37856823;444026520;444026522;
37856823;444026522;444026524;
37856824;444026522;444026527;
37856825;444026520;444026528;
37914788;445028111;3230463788;
37914788;3230463788;445028112;
37914788;445028112;445028113;
37914789;445028116;445028124;
37914789;445028124;445028125;
37914789;445028125;4496009433;
37914789;4496009433;445028126;
37914789;445028126;4496009432;
37914789;4496009432;445028127;
37914789;445028127;445028128;
37914789;445028128;445028129;
37914789;445028129;445028130;
37914789;445028130;1719174182;
37915267;445032812;4503222507;
37915267;4503222507;445032810;
37915267;445032810;445032816;
37915267;445032816;445032820;
37915267;445032820;4494940786;
37915267;4494940786;445032821;
37915267;445032821;433469204;
38001349;446308238;446308240;
38001349;446308240;287458431;
38001351;112652003;2622548687;
38001351;2622548687;112613592;
38001352;112613592;446308245;
38001352;446308245;446308246;
38001352;446308246;112652004;
41380172;435240906;3573222096;
41380172;3573222096;506111738;
41380172;506111738;3573222097;
41380172;3573222097;2185756687;
41380173;435240959;506111741;
41380173;506111741;4282469053;
41380173;4282469053;506111742;
63844500;788743391;430284793;
63844502;788743536;788743478;
63844506;128560413;2102030072;
63844506;2102030072;430284833;
63844506;430284833;112652015;
63844509;788743514;429200555;
63844509;429200555;420865849;
63844510;430284791;430284792;
63844510;430284792;788743391;
63844513;430284793;788743536;
63844513;788743536;430284795;
63844513;430284795;430284797;
63844513;430284797;430284800;
63844513;430284800;430284801;
63844517;430284801;788743484;
63844517;788743484;788743501;
63844517;788743501;788743452;
63844517;788743452;788743470;
63844517;788743470;788743405;
63844517;788743405;788743416;
63844517;788743416;788743563;
63844517;788743563;788743379;
63844517;788743379;788743381;
63844517;788743381;737409653;
63844519;788743559;788743528;
63844519;788743528;788743544;
63844519;788743544;788743488;
63844519;788743488;788743510;
63844519;788743510;788743511;
63844519;788743511;788743531;
63844519;788743531;430284823;
63844520;430284842;430284844;
63844520;430284844;430284846;
63848181;788826710;788826684;
63848181;788826684;788826695;
63848181;788826695;788826712;
63848181;788826712;788826699;
63848181;788826699;788826688;
63848181;788826688;788826707;
102826360;1037307066;429200547;
106113095;1221776488;4494941264;
106113095;4494941264;1221776379;
106113095;1221776379;1221776427;
106113095;1221776427;1221776660;
106113095;1221776660;4496228781;
106113095;4496228781;1221776675;
106113095;1221776675;1403466099;
106113095;1403466099;1221776760;
106113095;1221776760;1221776650;
106113095;1221776650;1221776354;
106113095;1221776354;1221776698;
106115722;1221804114;1221804092;
106115722;1221804092;1221804117;
106115722;1221804117;4675765443;
106115722;4675765443;1221804110;
106115722;1221804110;1221804112;
106115722;1221804112;1221804105;
106115722;1221804105;1221804107;
106115722;1221804107;788826712;
108480588;430273240;433073103;
108480588;433073103;4494941277;
108480593;431947952;4494941263;
108480593;4494941263;4494941258;
108480593;4494941258;4494941257;
108480593;4494941257;4494941261;
108480593;4494941261;1244598153;
108480593;1244598153;4494941256;
108480593;4494941256;1244598170;
126568160;1402787144;4562008804;
126568160;4562008804;4501342455;
126568160;4501342455;4501342457;
126568160;4501342457;4501342456;
126568160;4501342456;4501342460;
126568160;4501342460;1402787140;
126568160;1402787140;4501342458;
126568160;4501342458;4501342459;
126568160;4501342459;1402787143;
126568160;1402787143;4496009435;
126568160;4496009435;1402787134;
126568160;1402787134;4496009436;
126568160;4496009436;1402787145;
126568160;1402787145;1402787136;
126568160;1402787136;3573222191;
126568161;1402787130;1402787146;
126568161;1402787146;4496009446;
126568161;4496009446;4496009447;
126568161;4496009447;1402787142;
126568161;1402787142;1402787137;
126568161;1402787137;4496009449;
126568161;4496009449;4496009448;
126568161;4496009448;4496009450;
126568161;4496009450;1402787135;
157160144;435759031;435759032;
157160144;435759032;435759033;
159817725;1719174185;4502872445;
159817725;4502872445;4502872444;
159817725;4502872444;1719174166;
159817725;1719174166;4502872441;
159817725;4502872441;4502872442;
159817725;4502872442;3573222443;
159817725;3573222443;4502872443;
159817725;4502872443;3573222440;
159817725;3573222440;3573222438;
159817727;1719174182;1719174141;
159817727;1719174141;4415010763;
159817727;4415010763;1719174206;
159817727;1719174206;1719174251;
159817727;1719174251;4415010764;
159817727;4415010764;1719174248;
159817727;1719174248;4415010765;
159817727;4415010765;1719174208;
159817727;1719174208;1719174145;
159817727;1719174145;1719174223;
159817727;1719174223;4503265321;
159817727;4503265321;4503265322;
159817727;4503265322;1719174263;
159817727;1719174263;4411867908;
159817727;4411867908;1719174262;
159817727;1719174262;4492974883;
159817727;4492974883;4411867907;
159817727;4411867907;1719174264;
159817727;1719174264;4411867905;
159817727;4411867905;1719174180;
159817727;1719174180;4411867906;
159817727;4411867906;1719174266;
159817727;1719174266;4411867891;
160379534;1724272859;1724272847;
160379534;1724272847;1724272905;
160379534;1724272905;1724272919;
160379534;1724272919;1724272861;
160379534;1724272861;1724272893;
160379534;1724272893;1724272850;
160379534;1724272850;1724272859;
160379536;1724272859;1724272889;
160379536;1724272889;1724272913;
160379536;1724272913;1724272852;
160379536;1724272852;3573222220;
160379536;3573222220;3573222223;
160379537;1724272845;1724272916;
160379537;1724272916;3573222224;
160379537;3573222224;1724272903;
160379537;1724272903;1724272856;
160379537;1724272856;1724272908;
160379543;1724272886;3573222247;
160379543;3573222247;3573222240;
160379543;3573222240;3573222232;
160379545;3573222221;3573222215;
160379545;3573222215;1724272896;
160379545;1724272896;1724272884;
160379547;1724272884;1724272867;
160379547;1724272867;1724272870;
160379547;1724272870;1724272863;
160379547;1724272863;1724272910;
160379547;1724272910;1724272901;
160379547;1724272901;1724272873;
160379547;1724272873;1724272854;
160379547;1724272854;1724272884;
160766776;1728071936;1728071591;
160766781;1728071591;287458354;
160766821;1728071894;429854628;
160766842;429854628;1728071861;
160766842;1728071861;1728071855;
160766842;1728071855;1728071852;
160766842;1728071852;2358824064;
160766842;2358824064;2358824045;
160766842;2358824045;2358824044;
160766842;2358824044;2358824042;
160766842;2358824042;2358824040;
160766842;2358824040;2358824038;
160766842;2358824038;2358824036;
160766842;2358824036;2358824034;
160766842;2358824034;2358824032;
160766842;2358824032;2358824030;
160766842;2358824030;2358824028;
160766842;2358824028;2358824026;
166972992;112613584;431647245;
166972992;431647245;444004650;
166972992;444004650;444004648;
166972992;444004648;4585887625;
166972992;4585887625;3170300783;
166972992;3170300783;128560415;
166972992;128560415;2485736719;
166972992;2485736719;2485736720;
166972992;2485736720;128560419;
166972993;112652015;112613584;
166973018;112652015;112652017;
166973018;112652017;112652018;
166973018;112652018;112652019;
195652230;2060757045;2060757107;
195652230;2060757107;2060757079;
195652231;2060757028;3170300789;
195652231;3170300789;3170300792;
195652231;3170300792;2060757035;
195652231;2060757035;2060757023;
195652232;2060757073;3170300788;
195652232;3170300788;2060757069;
195652232;2060757069;2060757061;
195652232;2060757061;2060757071;
195652232;2060757071;2060757079;
195652232;2060757079;3170300791;
195652232;3170300791;2060757041;
195652233;2060757069;2060757027;
195652233;2060757027;2060757091;
195652233;2060757091;3170300779;
195652234;2060757032;3170300774;
195652234;3170300774;2060757063;
195652234;2060757063;3170300779;
195652234;3170300779;2060757081;
195652234;2060757081;2060757053;
195652234;2060757053;2060757101;
195652234;2060757101;2060757073;
195652235;2060757085;2060757083;
195652235;2060757083;2060757061;
195652236;2060757067;2060757055;
195652236;2060757055;2060757028;
195652236;2060757028;2060757021;
195652238;2060757071;2060757093;
195652238;2060757093;2060757077;
195652238;2060757077;2060757063;
195652240;2060757087;2060757021;
195652240;2060757021;3170300788;
195652241;2060757051;2060757017;
195652241;2060757017;2060757055;
195652241;2060757055;2060757065;
195652241;2060757065;2060757059;
195652243;420774512;2060757099;
195652243;2060757099;2060757041;
195652243;2060757041;3170300793;
195653648;2060766657;2060766656;
195653648;2060766656;2060757025;
197100021;444004622;444004628;
197100021;444004628;444004623;
197100021;444004623;2489687358;
197100021;2489687358;4378186434;
197100021;4378186434;4378186445;
197100021;4378186445;4378186448;
197100437;2073945447;2073945448;
200205516;2102009665;2102009669;
200205516;2102009669;2102009667;
200205516;2102009667;4737169844;
200205516;4737169844;2102009668;
200205516;2102009668;4737169868;
200205516;4737169868;4737169830;
200205516;4737169830;4737169829;
200205516;4737169829;2102009670;
200207562;2102030065;2102030068;
200207562;2102030068;2102030063;
200207562;2102030063;2102030073;
200207562;2102030073;430284846;
200207562;430284846;2102030072;
200207563;2073945447;2073945449;
205638142;2156098713;2156098707;
205638142;2156098707;2156098749;
205638142;2156098749;2156098752;
205638142;2156098752;2156098711;
205638142;2156098711;2156098756;
205638142;2156098756;2156098746;
205638142;2156098746;2156098750;
205638142;2156098750;3573222099;
205638142;3573222099;2156098719;
205638144;2156098755;2156098710;
205638144;2156098710;2156098725;
205638144;2156098725;2156098713;
205638144;2156098713;2156098709;
205638144;2156098709;3573222118;
205638144;3573222118;2156098708;
205638145;2156098702;2156098697;
205638145;2156098697;2156098716;
205638146;4384591143;2156098688;
205638146;2156098688;2156098712;
205638146;2156098712;2156098698;
205638146;2156098698;4378185445;
205638146;4378185445;2156098689;
205638147;2156098695;3573222098;
205638147;3573222098;2156098729;
205638878;2156104174;3554953689;
205638878;3554953689;3554953690;
205638878;3554953690;2156104173;
205638880;2156104174;2156104172;
205638880;2156104172;2156104176;
205638880;2156104176;2156104171;
205638880;2156104171;2156104169;
205638880;2156104169;2156104174;
206867053;2169139649;2169139655;
206867053;2169139655;2169139656;
206867055;2102030071;2102030070;
206868043;2169148352;444004644;
208262837;2185756687;2185762067;
208262837;2185762067;2185762064;
208262837;2185762064;2185762047;
208262837;2185762047;2185762049;
208262837;2185762049;506111741;
208262837;506111741;2185762050;
208262837;2185762050;2185756687;
208263088;2185762067;2185766308;
208263088;2185766308;2185766309;
208263088;2185766309;2185766307;
208263088;2185766307;2185766310;
208263088;2185766310;2185766306;
208263088;2185766306;2185765238;
208263088;2185765238;2185765236;
208263088;2185765236;2185765234;
208263088;2185765234;2185765237;
208263088;2185765237;2185765235;
208263088;2185765235;2185762064;
208265320;4282469045;4282469046;
208265320;4282469046;4282469047;
208265320;4282469047;2185792255;
208265320;2185792255;4517268326;
208265320;4517268326;2185792256;
208272059;4517268326;4282469049;
208272059;4282469049;4517268307;
208272059;4517268307;4517268293;
209633322;2198252493;3573222212;
209633322;3573222212;420807840;
209633323;287458431;112613601;
209633323;112613601;3573222266;
210674293;1260748530;433469163;
210674293;433469163;4493046006;
210674293;4493046006;4493046055;
210674293;4493046055;433469164;
210674293;433469164;4494941202;
210674293;4494941202;433469165;
210674293;433469165;1719174162;
210674293;1719174162;4493046007;
210674293;4493046007;433469166;
210674293;433469166;4411867388;
210674293;4411867388;436639151;
211339124;433469151;433469152;
211339124;433469152;3230463786;
211339124;3230463786;3230463785;
211339124;3230463785;4492974944;
211339124;4492974944;433469153;
211339124;433469153;4492974945;
211339124;4492974945;433469154;
211339124;433469154;3230463783;
211339124;3230463783;4502872410;
211339124;4502872410;433469155;
211339124;433469155;4494941241;
211339124;4494941241;4494941240;
211339124;4494941240;4494941242;
211339124;4494941242;431947973;
211339124;431947973;431947975;
211339124;431947975;431947977;
211339124;431947977;4494941243;
211339124;4494941243;431947979;
211339124;431947979;431947967;
211339125;1103464865;1838445085;
211339125;1838445085;112664310;
211339125;112664310;112664312;
211339125;112664312;4495896929;
211339125;4495896929;4495896928;
211339125;4495896928;112664314;
211339125;112664314;4413343749;
211339125;4413343749;112664315;
211339125;112664315;112664316;
211339125;112664316;1731171102;
211339125;1731171102;112664317;
211339125;112664317;112664318;
211339125;112664318;4463731540;
211339125;4463731540;3139458003;
211339125;3139458003;112664320;
211339125;112664320;112664325;
211339125;112664325;112664327;
211339125;112664327;445028226;
211339125;445028226;112664333;
211339125;112664333;2207552041;
211339125;2207552041;112651985;
211339125;112651985;112651987;
211339125;112651987;1389528039;
211339125;1389528039;112651988;
211339125;112651988;26057846;
211339125;26057846;3713963405;
211339125;3713963405;3713963409;
211339125;3713963409;3139458027;
211339125;3139458027;2583924942;
211339125;2583924942;112651991;
220234009;26057853;112613609;
220234009;112613609;112613610;
220234009;112613610;2846609718;
220234009;2846609718;3522178888;
220234009;3522178888;112613611;
220234009;112613611;432589602;
220234009;432589602;432589603;
220234009;432589603;112613612;
220234009;112613612;445439300;
220234010;3573222266;112613602;
220234010;112613602;2198252488;
220234010;2198252488;112613603;
220234010;112613603;420776909;
220234011;3713963962;26122725;
220234011;26122725;3713963965;
220234011;3713963965;3713963967;
220234011;3713963967;3713963968;
220234011;3713963968;3713963970;
220234011;3713963970;3713963972;
220234011;3713963972;3713963974;
220234011;3713963974;3713963976;
227153891;2358824026;2358824024;
227153895;2358824024;2358824022;
227153895;2358824022;2358824018;
227153895;2358824018;2358824016;
227153895;2358824016;2358824012;
227153895;2358824012;4496173930;
227153895;4496173930;2358824014;
227153895;2358824014;2358824020;
240884741;432597949;2617650081;
240884741;2617650081;2485736714;
240884741;2485736714;435240867;
240884741;435240867;2485736713;
240884741;2485736713;435240873;
240884741;435240873;4526607788;
240884741;4526607788;435240876;
240884741;435240876;435240878;
240884741;435240878;2485736717;
240884741;2485736717;2485736715;
240884741;2485736715;128560419;
241285511;2489687353;2489687354;
241285511;2489687354;2489687355;
241285511;2489687355;2489687356;
241285511;2489687356;2489687347;
252333763;431925047;429833962;
252333763;429833962;429833964;
252334869;2102030070;2102030075;
252334869;2102030075;2102030067;
252334869;2102030067;2169139656;
252338680;2583946064;2102030064;
252338680;2102030064;430284829;
252338680;430284829;788743446;
252338680;788743446;430284831;
252338680;430284831;430284833;
252338683;2583930788;128560413;
252338684;2583946063;2102030074;
252338684;2102030074;2583946064;
253589560;1728071833;2595069066;
253589560;2595069066;2595069098;
254724123;2605258290;3170300794;
254724123;3170300794;2605258257;
256605509;128560419;2485736718;
256605509;2485736718;128560420;
256605509;128560420;128560421;
256605511;432597947;4378171744;
256605511;4378171744;444004662;
256605511;444004662;2846609729;
286085489;420807840;420776909;
286085490;420807841;3573222260;
286085490;3573222260;3554953698;
286085490;3554953698;1724272886;
308678904;3139458018;3139458232;
308678904;3139458232;3139458242;
308678904;3139458242;3139458286;
308678907;3139458286;3139458292;
308678907;3139458292;3139458016;
308678907;3139458016;3139458237;
308678923;3139458282;3139458277;
308678923;3139458277;3139458233;
308678923;3139458233;3573222268;
308678923;3573222268;287458435;
308678933;2169139656;2169139651;
308678934;112613598;3139458294;
308678934;3139458294;3139458235;
308678934;3139458235;3139458285;
308678934;3139458285;3139458278;
308678935;3139458286;2073945447;
308678936;3139458009;420776893;
311394889;3170300775;3170300779;
311394890;2060757035;2060757089;
311394890;2060757089;2060757104;
311394891;3170300788;2060757039;
311394891;2060757039;2060757049;
311394891;2060757049;2060757081;
311394892;3170300770;3170300775;
311394892;3170300775;3170300780;
311394892;3170300780;3170300784;
311394892;3170300784;3170300786;
311394892;3170300786;3170300787;
311394892;3170300787;3170300785;
311394892;3170300785;3170300782;
311394892;3170300782;3170300773;
311394893;3170300783;3170300781;
311394893;3170300781;3170300778;
311394893;3170300778;3170300777;
311394893;3170300777;3170300776;
311394893;3170300776;3170300772;
311394893;3170300772;4526607813;
311394893;4526607813;2102009670;
311394893;2102009670;4526607812;
311394893;4526607812;3170300771;
311394893;3170300771;4737169882;
311394893;4737169882;4737169880;
311394893;4737169880;4526607808;
311394893;4526607808;3170300769;
311394893;3170300769;4526607811;
311394893;4526607811;4737169885;
311394893;4737169885;3170300768;
311394893;3170300768;4526607776;
311394893;4526607776;3170300770;
311394893;3170300770;3170300774;
311394895;2060757073;2060757059;
311394895;2060757059;2060757047;
311394895;2060757047;2060757067;
311394895;2060757067;2060757025;
311394895;2060757025;2060757051;
311394895;2060757051;2060757104;
311394895;2060757104;2060757057;
316459169;420776943;3554953676;
316459169;3554953676;430006694;
316459169;430006694;3554953681;
316459169;3554953681;4149583051;
316459169;4149583051;3573222107;
316459169;3573222107;420776945;
316459169;420776945;420807840;
316864613;431947967;445028134;
316864613;445028134;4541182490;
316864613;4541182490;4496229599;
316864613;4496229599;4541182491;
316864613;4541182491;4496229600;
316864613;4496229600;445028135;
316864613;445028135;4496229601;
316864613;4496229601;4496229602;
316864613;4496229602;4496229598;
316864613;4496229598;445028096;
316864613;445028096;445028097;
316864613;445028097;445028098;
316864613;445028098;445028099;
316864613;445028099;4494941498;
316864613;4494941498;3230463789;
316864613;3230463789;445028100;
316864613;445028100;445028101;
316864613;445028101;4494941499;
316864613;4494941499;4494941501;
316864613;4494941501;4502872433;
316864613;4502872433;445028102;
316864613;445028102;4502872435;
316864613;4502872435;4494941500;
316864613;4494941500;445028103;
316864613;445028103;445028104;
316864613;445028104;4502872436;
316864613;4502872436;445028105;
316864613;445028105;4502872437;
316864613;4502872437;4496229604;
316864613;4496229604;445028106;
316864613;445028106;445028107;
316864613;445028107;445028108;
316864613;445028108;4502872438;
316864613;4502872438;4502872439;
316864613;4502872439;445028109;
316864613;445028109;1719174164;
316864613;1719174164;445028110;
316864613;445028110;4440945949;
316864613;4440945949;4503249204;
316864620;3230463783;4502785588;
316864620;4502785588;4502785587;
316864620;4502785587;445028119;
316864620;445028119;445028120;
316864620;445028120;445028121;
316864620;445028121;445028122;
316864620;445028122;445028123;
316864620;445028123;445028113;
316864624;431947932;4496009434;
316864624;4496009434;431947967;
349643787;4327945216;3573222241;
349643787;3573222241;3554953693;
349643787;3554953693;3573222239;
349643787;3573222239;2198252493;
349643887;3554953676;3554953677;
349643887;3554953677;3554953679;
349643889;3554953681;3554953680;
349643889;3554953680;3554953679;
349643891;3554953706;112651995;
349643894;430267079;3554953706;
349643896;430267082;3554953711;
349643896;3554953711;3554953710;
349643898;3554953710;3554953709;
349643898;3554953709;3554953708;
351525659;3573222221;3573222218;
351525659;3573222218;3573222219;
351525659;3573222219;3573222223;
351525659;3573222223;3573222226;
351525659;3573222226;3573222230;
351525659;3573222230;3573222232;
351525659;3573222232;3573222233;
351525659;3573222233;3573222231;
351525659;3573222231;1724272845;
351525659;1724272845;3573222225;
351525659;3573222225;3573222221;
351525660;3573222230;3573222243;
351525660;3573222243;3573222251;
351525662;112652014;112652015;
351525669;3573222249;112613584;
351525677;3573222199;2846609712;
351525677;2846609712;112613581;
351525677;112613581;431647219;
351525677;431647219;3573222249;
351525686;3573222187;3573222184;
351525686;3573222184;3573222183;
351525686;3573222183;3573222186;
351525686;3573222186;4496009439;
351525686;4496009439;4496009440;
351525686;4496009440;4496009441;
351525686;4496009441;4496009442;
351525686;4496009442;4496009443;
351525686;4496009443;4496009444;
351525686;4496009444;4496009445;
351525686;4496009445;1402787130;
351525686;1402787130;3573222189;
351525686;3573222189;4496009437;
351525686;4496009437;4496009438;
351525686;4496009438;3573222191;
351525686;3573222191;3573222192;
351525686;3573222192;3573222190;
351525686;3573222190;3573222188;
351525686;3573222188;3573222187;
351525693;3573222212;3573222201;
351525693;3573222201;3573222198;
351525693;3573222198;3573222157;
351525693;3573222157;3573222138;
351525693;3573222138;3573222133;
351525693;3573222133;3573222132;
351525693;3573222132;3573222130;
351525693;3573222130;3573222128;
351525693;3573222128;3573222109;
351525693;3573222109;3573222108;
351525693;3573222108;3573222104;
351525701;3573222222;3573222216;
351525704;3573222205;3573222210;
351525712;3573222165;3573222159;
351525716;3573222157;3573222163;
351525718;3573222234;3573222239;
351525727;3573222156;3573222149;
351525727;3573222149;3573222140;
351525728;3573222253;3573222246;
351525728;3573222246;3573222241;
351525729;3573222108;3573222127;
351525729;3573222127;3573222128;
351525730;3573222217;3573222213;
351525730;3573222213;3573222209;
351525732;3573222260;3573222261;
351525732;3573222261;3573222256;
351525734;3573222207;3573222206;
351525734;3573222206;3573222198;
351525736;3573222145;3573222154;
351525736;3573222154;3573222168;
351525738;3573222201;3573222208;
351525738;3573222208;3573222207;
351525738;3573222207;3573222211;
351525741;3573222210;3573222211;
351525741;3573222211;3573222227;
351525741;3573222227;3573222234;
351525742;3573222205;3573222203;
351525742;3573222203;3573222197;
351525742;3573222197;3573222196;
351525744;3573222234;3573222229;
351525744;3573222229;3573222214;
351525744;3573222214;3573222210;
351525748;3573222197;3573222200;
351525748;3573222200;3573222217;
351525748;3573222217;3573222222;
351525748;3573222222;3573222237;
351525749;3573222195;3573222196;
351525749;3573222196;3573222202;
351525749;3573222202;3573222204;
351525749;3573222204;3573222205;
351525751;3573222153;3573222161;
351525751;3573222161;3573222178;
351525751;3573222178;3573222193;
351525751;3573222193;3573222195;
351525759;3573222438;3573222436;
351525759;3573222436;3573222439;
351525759;3573222439;4502872446;
351525759;4502872446;3573222442;
351525759;3573222442;3573222453;
351525760;3573222195;3573222194;
351525760;3573222194;3573222179;
351525760;3573222179;3573222160;
351525760;3573222160;3573222152;
351525763;3573222240;3573222242;
351525763;3573222242;3573222244;
351525763;3573222244;3573222238;
351525763;3573222238;3573222228;
351525763;3573222228;3573222224;
351525764;3573222127;3573222134;
351525764;3573222134;3573222137;
351525764;3573222137;3573222145;
351525764;3573222145;3573222147;
351525764;3573222147;3573222130;
351525766;3573222163;3573222170;
351525766;3573222170;3573222182;
351525766;3573222182;3573222181;
351525766;3573222181;3573222175;
351525766;3573222175;3573222162;
351525766;3573222162;3573222163;
351525772;3573222138;3573222140;
351525772;3573222140;3573222141;
351525772;3573222141;3573222135;
351525772;3573222135;3573222136;
351525772;3573222136;3573222139;
351525773;3573222107;3573222110;
351525773;3573222110;3573222114;
351525773;3573222114;3573222116;
351525773;3573222116;3573222124;
351525773;3573222124;3573222125;
351525773;3573222125;3573222126;
351525780;3573222148;3573222151;
351525780;3573222151;3573222153;
351525780;3573222153;3573222152;
351525780;3573222152;3573222150;
351525780;3573222150;3573222146;
351525780;3573222146;3573222143;
351525780;3573222143;3573222144;
351525780;3573222144;3573222148;
351525782;3573222200;3573222185;
351525782;3573222185;3573222177;
351525782;3573222177;3573222171;
351525782;3573222171;3573222165;
351525782;3573222165;3573222164;
351525782;3573222164;3573222169;
351525782;3573222169;3573222174;
351525782;3573222174;3573222197;
354120871;2358824314;2358824278;
354120871;2358824278;429854639;
354120871;429854639;420865825;
354843074;3605024681;3605024682;
354843074;3605024682;3605024683;
354843074;3605024683;3605024684;
354843074;3605024684;3605024685;
354843074;3605024685;3605024686;
354843074;3605024686;3605024687;
354843074;3605024687;3605024688;
354843074;3605024688;3610442803;
354843074;3610442803;3610442802;
354843074;3610442802;3605024689;
354843074;3605024689;3605024690;
354843076;3605024691;3605026693;
354843076;3605026693;3605026694;
354843077;3605026693;3610442801;
354843077;3610442801;3605026695;
354843077;3605026695;3605026696;
354843078;3605026697;3605026698;
354843079;3605026695;3605026699;
354843079;3605026699;3605026700;
354843081;3605026697;3605026706;
354843081;3605026706;3605026703;
354843081;3605026703;3605026704;
354843081;3605026704;3605026705;
367464148;3713843054;26122787;
367477464;3713963940;3713963937;
367477464;3713963937;26122784;
367477466;3713963964;3713963963;
367477466;3713963963;26122781;
367477467;26122786;3713963391;
367477467;3713963391;3713843054;
367477469;26122784;26122785;
367477469;26122785;3713963402;
367477469;3713963402;26122786;
367477470;26122719;3713963389;
367477470;3713963389;3713963390;
367477470;3713963390;26122720;
367477471;26122724;3713963956;
367477471;3713963956;3713963959;
367477471;3713963959;3713963962;
367477472;3713963949;26122723;
367477472;26122723;319309730;
367477472;319309730;26122724;
367477473;26122781;3713963960;
367477473;3713963960;3713963957;
367477473;3713963957;26122782;
367477474;26122782;3713963953;
367477474;3713963953;26122783;
367477474;26122783;3713963952;
367477474;3713963952;3713963948;
367477474;3713963948;3713963943;
367477474;3713963943;3713963940;
367477476;26122720;3713963416;
367477476;3713963416;26122721;
367477476;26122721;3713963927;
367477476;3713963927;3713963936;
367477476;3713963936;3713963939;
367477476;3713963939;26122722;
367477476;26122722;3713963946;
367477476;3713963946;3713963949;
367477477;26057801;3139458275;
367477477;3139458275;3713963951;
367477477;3713963951;3713963950;
367477477;3713963950;26057803;
367477477;26057803;3713963947;
367477477;3713963947;26057804;
367477477;26057804;3713963945;
367477477;3713963945;3713963944;
367477477;3713963944;3139458255;
367477477;3139458255;3713963942;
367477477;3713963942;26057805;
367477477;26057805;26057813;
367522274;3714381590;3714381589;
367522274;3714381589;26122796;
367522274;26122796;3714381588;
367522274;3714381588;3714381586;
367522274;3714381586;3714381584;
367522274;3714381584;3714381582;
367522274;3714381582;26122795;
367522274;26122795;3714381579;
367522274;3714381579;3714381577;
367522274;3714381577;3714381576;
367522274;3714381576;3714381574;
367522274;3714381574;3714381572;
367522274;3714381572;26122794;
367522279;26122794;3713964000;
367522279;3713964000;3713963998;
367522279;3713963998;3713963996;
367522279;3713963996;3713963994;
367522279;3713963994;26122793;
367522279;26122793;3713963991;
367522279;3713963991;3713963989;
367522279;3713963989;26122792;
367522279;26122792;3713963985;
367522279;3713963985;3713963983;
367522279;3713963983;3713963981;
367522279;3713963981;3713963979;
367522279;3713963979;3713963978;
367522279;3713963978;26122791;
367522279;26122791;3713963975;
367522279;3713963975;3713963973;
367522279;3713963973;3713963971;
367522279;3713963971;3713963969;
367522279;3713963969;26122790;
367522279;26122790;3713963966;
367522279;3713963966;3713963964;
367522281;3713963976;26122727;
367522281;26122727;3713963977;
367522281;3713963977;3713963980;
367522281;3713963980;3713963982;
367522281;3713963982;3713963984;
367522281;3713963984;26122728;
367522281;26122728;3713963986;
367522281;3713963986;3713963987;
367522281;3713963987;3713963988;
367522281;3713963988;3713963990;
367522281;3713963990;3713963992;
367522281;3713963992;26122729;
367522281;26122729;3713963993;
367522281;3713963993;3713963995;
367522281;3713963995;3713963997;
367522281;3713963997;3713963999;
367522281;3713963999;26122730;
367522281;26122730;3714381571;
367522281;3714381571;3714381573;
367522281;3714381573;3714381575;
367522281;3714381575;26122731;
367522281;26122731;3714381578;
367522281;3714381578;3714381580;
367522281;3714381580;3714381581;
367522281;3714381581;3714381583;
367522281;3714381583;3714381585;
367522281;3714381585;3714381587;
367522281;3714381587;26122732;
367522281;26122732;3093359344;
367522281;3093359344;26122734;
367522281;26122734;3714381592;
367522281;3714381592;3714381593;
367522281;3714381593;3714381595;
367522281;3714381595;3093359327;
367522281;3093359327;3714381597;
367522281;3714381597;3714381598;
400581007;445028113;4494941239;
400581007;4494941239;445028114;
400581007;445028114;4562008806;
400581007;4562008806;445028115;
400581007;445028115;4502872428;
400581007;4502872428;445028116;
400581007;445028116;4502872429;
400581007;4502872429;445028117;
400581007;445028117;4502872434;
400581007;4502872434;4502872430;
400581007;4502872430;4502872431;
400581007;4502872431;4502872432;
400581007;4502872432;4502872433;
420339891;4202779472;4204296205;
420339891;4204296205;4204295151;
420339891;4204295151;4202779473;
420339891;4202779473;4202779464;
420339891;4202779464;4202779467;
420339891;4202779467;4202779466;
420339891;4202779466;4202779468;
420339891;4202779468;4202779470;
420339891;4202779470;4203872944;
420339891;4203872944;4202779474;
420455890;4203872944;4203872923;
420455890;4203872923;4203872930;
420455890;4203872930;4203872958;
420455890;4203872958;4203872957;
420455890;4203872957;4210569962;
420455890;4210569962;4210569960;
420455890;4210569960;4210569952;
420455890;4210569952;4210569951;
420455890;4210569951;4210569950;
420455890;4210569950;4210569949;
420455890;4210569949;4203872926;
420455890;4203872926;4210569948;
420455890;4210569948;4210569953;
420455890;4210569953;4210569954;
420455890;4210569954;4203872921;
420455891;4202779471;4203872922;
420455891;4203872922;4203872946;
420455891;4203872946;4203872934;
420455891;4203872934;4203872949;
420455891;4203872949;4203872931;
420455891;4203872931;4203872921;
421271321;4203872926;4210543499;
421271321;4210543499;4210543498;
421271321;4210543498;4210543496;
421271321;4210543496;4210543493;
421271321;4210543493;4210543492;
421271321;4210543492;4210543490;
421271321;4210543490;4210543491;
421305605;4210849143;4210849160;
421305605;4210849160;4210849162;
421305605;4210849162;4203872944;
421305607;4210849144;4210849146;
421305607;4210849146;4210849149;
421305607;4210849149;4210849151;
421305607;4210849151;4210849155;
421305607;4210849155;4210849156;
429123178;4282469057;4282469053;
429123178;4282469053;4282469051;
429123179;4282469056;506111742;
429123179;506111742;4282469050;
434878389;1724272886;3573222251;
434878389;3573222251;4327945216;
434878392;112613584;112613586;
434878392;112613586;112613587;
434878392;112613587;112613588;
434878392;112613588;112613589;
434878392;112613589;444004652;
434878392;444004652;2102030069;
434878392;2102030069;3139458266;
434878392;3139458266;2622548692;
434878392;2622548692;112613590;
434878392;112613590;112613592;
434878392;112613592;2622548688;
434878392;2622548688;112613593;
434878392;112613593;112613594;
434878392;112613594;112613595;
434878392;112613595;112613596;
434878392;112613596;112613597;
434878392;112613597;112613598;
434878392;112613598;4378186495;
434878392;4378186495;287458435;
434878392;287458435;112613600;
434878392;112613600;287458431;
434879919;112651992;26057813;
434879919;26057813;112651993;
434879919;112651993;420776893;
434879919;420776893;4415729625;
434879919;4415729625;4415729622;
434879919;4415729622;420776894;
434879919;420776894;420776895;
434879919;420776895;112651994;
434879919;112651994;788826702;
434879919;788826702;788826710;
434879919;788826710;788826707;
434879919;788826707;788826682;
434879919;788826682;431925048;
434879919;431925048;2225262331;
434879919;2225262331;4327958289;
434879919;4327958289;430267079;
434879919;430267079;112651995;
434879919;112651995;446308238;
434879919;446308238;3139458282;
434879919;3139458282;287458421;
434879919;287458421;3139458278;
434879919;3139458278;4520426801;
434879919;4520426801;4520426809;
434879919;4520426809;112651997;
434879919;112651997;3139458018;
434879919;3139458018;112651999;
434879919;112651999;3139458237;
434879919;3139458237;112652000;
434879919;112652000;112652001;
434879919;112652001;112652002;
434879919;112652002;4327945217;
434879919;4327945217;112652003;
434879919;112652003;112652004;
434879919;112652004;2622548693;
434879919;2622548693;2169139657;
434879919;2169139657;2169139649;
434879919;2169139649;2169139651;
434879919;2169139651;112652006;
434879919;112652006;112652009;
434879919;112652009;430284836;
434879919;430284836;112652011;
434879919;112652011;112652012;
434879919;112652012;112652014;
440117025;4381093229;4378171719;
440117025;4378171719;4378171721;
440117025;4378171721;4455723335;
440117025;4455723335;4455723337;
440117025;4455723337;4455723338;
440117025;4455723338;444011310;
440117112;4378185821;4378185829;
440117112;4378185829;4378185846;
440117112;4378185846;4378185851;
440117112;4378185851;4378185797;
440117112;4378185797;4378185688;
440117112;4378185688;4378185430;
440117112;4378185430;4378185413;
440117112;4378185413;4378185409;
440117112;4378185409;4378185400;
440117113;4378186057;4378186145;
440117113;4378186145;4378186187;
440117113;4378186187;4378186190;
440117113;4378186190;4378186191;
440117113;4378186191;4378186188;
440117113;4378186188;4378186177;
440117113;4378186177;4378186168;
440117113;4378186168;4378186150;
440117113;4378186150;4378186127;
440117113;4378186127;4378186124;
440117113;4378186124;4378186122;
440117113;4378186122;4378186047;
440117114;4378186122;4378186087;
440117115;4378185901;4378185928;
440117116;4378186127;4378186170;
440117117;4378185914;4378185910;
440117118;4378185629;4378185636;
440117119;4378186020;4378186013;
440117120;4378186214;4378186216;
440117121;4378186047;4378186081;
440117122;4378185867;4378185824;
440117123;4378185931;4378185930;
440117124;4378186498;2489687351;
440117125;4378186229;4378186209;
440117126;4378186056;4378186048;
440117127;4378186458;4378186478;
440117128;4378186214;4378186212;
440117129;4378185811;4378185866;
440117130;4378185397;4378185422;
440117131;4378186168;4378186291;
440117132;4378185868;4378185871;
440117133;4378185430;4378185442;
440117134;4378185926;4378185933;
440117135;4203872921;4378171763;
440117136;4378185658;4378185632;
440117137;4378185877;4378185835;
440117138;444004640;4378186115;
440117139;4202779469;4202779471;
440117140;4378185840;4378185883;
440117141;4378185880;4378185917;
440117142;4378185974;4378185999;
440117143;4378185830;4378185874;
440117144;4378185636;4378185666;
440117145;4378186302;4378186296;
440117146;4378186145;4378186134;
440117147;4378185849;4378185875;
440117148;4378185900;4378185894;
440117149;4378185408;4378185609;
440117150;4378185683;4378185829;
440117151;4378185636;4378185670;
440117152;4378186070;4378186083;
440117153;4378185947;4378185985;
440117153;4378185985;4378186100;
440117153;4378186100;4378186114;
440117153;4378186114;4378186214;
440117153;4378186214;4378186268;
440117153;4378186268;4378186278;
440117153;4378186278;4378186322;
440117153;4378186322;4378186342;
440117153;4378186342;4378186372;
440117153;4378186372;4378186380;
440117153;4378186380;4378186378;
440117153;4378186378;4378186371;
440117153;4378186371;4378186335;
440117153;4378186335;4378186311;
440117153;4378186311;4378186266;
440117153;4378186266;4378186212;
440117153;4378186212;4378186120;
440117153;4378186120;4378186112;
440117153;4378186112;4378185995;
440117153;4378185995;4378185956;
440117154;4378186207;4378186259;
440117154;4378186259;4378186293;
440117155;4378186291;4378186277;
440117155;4378186277;4378186150;
440117156;4378185872;4378185902;
440117156;4378185902;4378185927;
440117157;4378186240;4378186229;
440117157;4378186229;4378186205;
440117158;4378186047;4378186012;
440117158;4378186012;4378185999;
440117159;2156104176;4378186004;
440117159;4378186004;4378185940;
440117160;4378186293;4378186294;
440117160;4378186294;4378186259;
440117161;4378185857;4378185849;
440117161;4378185849;4378185843;
440117162;4378186291;4378186292;
440117162;4378186292;4378186338;
440117163;4378185411;4378185412;
440117163;4378185412;4378185413;
440117164;4378185400;4378185406;
440117164;4378185406;4378185433;
440117165;4378185632;4378185624;
440117165;4378185624;4378185609;
440117166;4202779471;4202779465;
440117166;4202779465;4202779472;
440117167;4378185791;4378185676;
440117167;4378185676;4378185663;
440117168;4378185400;4378185397;
440117168;4378185397;4378185396;
440117169;4378185609;4378185604;
440117169;4378185604;430006697;
440117170;4378185938;4378185922;
440117170;4378185922;4378185887;
440117171;4378186208;4378186160;
440117171;4378186160;4378186151;
440117172;4378186101;4378185914;
440117172;4378185914;4378185808;
440117172;4378185808;4378185816;
440117173;4378185875;4378185864;
440117173;4378185864;4378185839;
440117173;4378185839;4378185843;
440117174;4378186057;4378186055;
440117174;4378186055;4378186035;
440117174;4378186035;4378186026;
440117175;4378185816;4378185834;
440117175;4378185834;4378185930;
440117175;4378185930;4378186020;
440117176;4378186020;4378186104;
440117176;4378186104;4378186102;
440117176;4378186102;4378186101;
440117177;4378185859;4378185872;
440117177;4378185872;4378185887;
440117177;4378185887;4378185901;
440117178;4378185632;4378185634;
440117178;4378185634;4378185611;
440117178;4378185611;430006697;
440117179;4378185978;4378186003;
440117179;4378186003;4378185980;
440117179;4378185980;4378185948;
440117180;4378185816;4378185910;
440117180;4378185910;4378185931;
440117180;4378185931;4378186102;
440117181;4378185875;4378185879;
440117181;4378185879;4378185886;
440117181;4378185886;4378185898;
440117182;4378185615;4378185630;
440117182;4378185630;4378185655;
440117182;4378185655;4378185653;
440117183;4378186338;4378186223;
440117183;4378186223;4378186207;
440117183;4378186207;4378186216;
440117184;4378185999;4378185992;
440117184;4378185992;4378185986;
440117184;4378185986;4378185977;
440117185;4378186431;4378186436;
440117185;4378186436;4378186458;
440117185;4378186458;4378186439;
440117186;4378186026;4378186028;
440117186;4378186028;4378186051;
440117186;4378186051;4378186057;
440117187;4378186414;4378186431;
440117187;4378186431;4378186439;
440117187;4378186439;4378186338;
440117188;4378185898;4378185882;
440117188;4378185882;4378185859;
440117188;4378185859;4378185857;
440117190;4378185995;4378185990;
440117190;4378185990;4378185984;
440117190;4378185984;4378185985;
440117191;4378185615;4378185622;
440117191;4378185622;4378185640;
440117191;4378185640;4378185653;
440117192;4378185886;4378185876;
440117192;4378185876;4378185870;
440117192;4378185870;4378185879;
440117194;4378185977;4378185993;
440117194;4378185993;4378186000;
440117194;4378186000;4378185999;
440117195;4378185653;4378185658;
440117195;4378185658;4378185678;
440117195;4378185678;4378185670;
440117196;4378186115;4378186108;
440117196;4378186108;4378186078;
440117196;4378186078;4378186064;
440117196;4378186064;4378186054;
440117197;4378186240;4378186243;
440117197;4378186243;4378186296;
440117197;4378186296;4378186377;
440117197;4378186377;4378186394;
440117198;4378185796;4378185807;
440117198;4378185807;4378185871;
440117198;4378185871;4378185967;
440117198;4378185967;4378185974;
440117199;4378186151;4378186201;
440117199;4378186201;4378186208;
440117199;4378186208;4378186232;
440117199;4378186232;2156104171;
440117200;4378186054;4378186062;
440117200;4378186062;4378186093;
440117200;4378186093;4378186105;
440117200;4378186105;4378186115;
440117201;4378186205;4378186200;
440117201;4378186200;4378186083;
440117201;4378186083;4378186024;
440117201;4378186024;4378185999;
440117202;4378185796;4378185802;
440117202;4378185802;4378185868;
440117202;4378185868;4378185962;
440117202;4378185962;4378185974;
440117203;4378186394;4378186388;
440117203;4378186388;4378186302;
440117203;4378186302;4378186245;
440117203;4378186245;4378186240;
440117204;4378186343;4378186318;
440117204;4378186318;4378186352;
440117204;4378186352;4378186351;
440117204;4378186351;4378186331;
440117205;4378186026;4378185936;
440117205;4378185936;4378185922;
440117205;4378185922;4378185902;
440117205;4378185902;4378185882;
440117206;4378185940;4378185983;
440117206;4378185983;4378186094;
440117206;4378186094;4378186126;
440117206;4378186126;4378186142;
440117206;4378186142;4378186151;
440117207;4378185670;4378185801;
440117207;4378185801;4378185666;
440117207;4378185666;4378185635;
440117207;4378185635;4378185590;
440117207;4378185590;4378185629;
440117208;4378186054;4378186013;
440117208;4378186013;4378185934;
440117208;4378185934;4378185929;
440117208;4378185929;4378185916;
440117208;4378185916;4378185898;
440117209;4378185999;4378186019;
440117209;4378186019;4378186056;
440117209;4378186056;4378186070;
440117209;4378186070;4378186192;
440117209;4378186192;4378186205;
440117210;4378186177;4378186271;
440117210;4378186271;4378186279;
440117210;4378186279;4378186287;
440117210;4378186287;4378186282;
440117210;4378186282;4378186188;
440117211;4378185803;4378185861;
440117211;4378185861;4378185894;
440117211;4378185894;4378185926;
440117211;4378185926;4378185948;
440117211;4378185948;4378185978;
440117211;4378185978;4378186012;
440117212;4378186495;4378186482;
440117212;4378186482;4378186475;
440117212;4378186475;4378186474;
440117212;4378186474;4378186471;
440117212;4378186471;4378186478;
440117212;4378186478;4378186481;
440117213;4378186216;4378186267;
440117213;4378186267;4378186276;
440117213;4378186276;4378186339;
440117213;4378186339;4378186353;
440117213;4378186353;4378186406;
440117213;4378186406;444004620;
440117215;4378186292;4378186343;
440117215;4378186343;4378186348;
440117215;4378186348;4378186414;
440117215;4378186414;4378186479;
440117215;4378186479;4378186412;
440117215;4378186412;4378186408;
440117215;4378186408;4378186394;
440117216;4378185901;4378185936;
440117216;4378185936;4378185947;
440117216;4378185947;4378185956;
440117216;4378185956;4378185953;
440117216;4378185953;4378185938;
440117216;4378185938;4378185927;
440117216;4378185927;4378185912;
440117216;4378185912;4378185898;
440117217;4378185796;4378185791;
440117217;4378185791;4378185792;
440117217;4378185792;4378185803;
440117217;4378185803;4378185811;
440117217;4378185811;4378185824;
440117217;4378185824;4378185830;
440117217;4378185830;4378185835;
440117217;4378185835;4378185843;
440117218;4378185861;4378185866;
440117218;4378185866;4378185867;
440117218;4378185867;4378185874;
440117218;4378185874;4378185877;
440117218;4378185877;4378185880;
440117218;4378185880;4378185883;
440117218;4378185883;4378185888;
440117218;4378185888;4378185857;
440389518;444011309;287458438;
440389518;287458438;4455723336;
440389519;412246600;519337747;
440389519;519337747;444011309;
440681022;2156098707;4384588844;
440681022;4384588844;4384588855;
440681022;4384588855;4384588854;
440681022;4384588854;4384588845;
440681022;4384588845;4384588856;
440681022;4384588856;4384588846;
440681022;4384588846;4384588847;
440681022;4384588847;4384588848;
440681022;4384588848;4384588858;
440681022;4384588858;4384588849;
440681025;4384588858;4384588859;
443990685;4414915751;436639151;
443990686;436639151;4414915760;
443990686;4414915760;4493046013;
443990686;4493046013;4414915759;
443990686;4414915759;4414915758;
443990687;4414915751;4493046008;
443990687;4493046008;4493046010;
443990687;4493046010;4493046009;
443990687;4493046009;4414915760;
444069160;433073106;4415729233;
444069160;4415729233;4415729234;
444069160;4415729234;4419264594;
444069160;4419264594;4496229592;
444069160;4496229592;4415729235;
444069160;4415729235;4496229591;
444069160;4496229591;4415729236;
444069160;4415729236;4496229590;
444069160;4496229590;4496229589;
444069160;4496229589;4415729237;
444069160;4415729237;4496228788;
444069160;4496228788;4415729238;
444069160;4415729238;4415729239;
444069160;4415729239;4496228786;
444069160;4496228786;4415729240;
444069160;4415729240;4415729241;
444069160;4415729241;4415729242;
444069160;4415729242;4496228787;
444069160;4496228787;4415729243;
444069160;4415729243;4415729244;
444069161;4415729245;4494941496;
444069161;4494941496;4415729246;
444069161;4415729246;4494941495;
444069161;4494941495;4494941494;
444069161;4494941494;4415729247;
444069161;4415729247;4415729248;
444069161;4415729248;4419264592;
444069161;4419264592;4415729249;
444069161;4415729249;4419264593;
444069161;4419264593;4415729250;
444069161;4415729250;4415729251;
444069162;4415729254;4496229593;
444069162;4496229593;4415729255;
444069162;4415729255;4496229594;
444069162;4496229594;4415729256;
444069162;4415729256;4415729257;
444069162;4415729257;4496229595;
444069162;4496229595;4496229596;
444069162;4496229596;4415729258;
444069162;4415729258;4415729259;
444069162;4415729259;4496229597;
444069162;4496229597;4415729260;
444069163;4415729261;4415729262;
444069163;4415729262;4415729263;
444069163;4415729263;4415729264;
444069163;4415729264;4415729265;
444069163;4415729265;4415729266;
444069163;4415729266;4415729267;
444069163;4415729267;4415729268;
444069163;4415729268;4415729269;
444069163;4415729269;4415729270;
444069163;4415729270;4415729271;
444069163;4415729271;4415729272;
444069163;4415729272;431947934;
444069164;4415729267;4415729273;
444069164;4415729273;4415729274;
444069164;4415729274;4415729275;
444069164;4415729275;4415729276;
444069190;4415729622;4415729623;
444069190;4415729623;4415729624;
444069190;4415729624;4415729641;
444069190;4415729641;4415729625;
444069191;4415729624;4415729626;
444069191;4415729626;4415729627;
444069191;4415729627;4415729628;
444069191;4415729628;4415729629;
444069191;4415729629;4415729637;
444069191;4415729637;4415729630;
444069191;4415729630;4415729631;
444069191;4415729631;4415729644;
444069191;4415729644;4415729645;
444069191;4415729645;4415729632;
444069191;4415729632;4415729633;
444069191;4415729633;4415729634;
444069191;4415729634;4415729635;
444069191;4415729635;4415729632;
444069192;4415729635;4415729636;
444069192;4415729636;4415729630;
444069193;4415729637;4415729638;
444069193;4415729638;4415729639;
444069193;4415729639;4415729636;
444069194;4415729623;4415729640;
444069195;4415729641;4415729642;
444069195;4415729642;4415729643;
444447316;4419264472;4419264473;
444447316;4419264473;4419264474;
444447316;4419264474;4419264475;
446873319;1719174182;445028131;
446873319;445028131;445028132;
446873319;445028132;445028133;
446873319;445028133;1719174139;
446873319;1719174139;1719174259;
446873319;1719174259;4496009431;
446873319;4496009431;4502872440;
446873319;4502872440;445028109;
446873321;4440945951;4440945952;
446873321;4440945952;4440945953;
446887316;4441072622;4441072623;
446887316;4441072623;4441072624;
446887316;4441072624;4441072625;
446887317;4441072626;4441072627;
446887317;4441072627;4441072628;
446887317;4441072628;4441072629;
446887317;4441072629;4441072630;
446887317;4441072630;4441072634;
446887317;4441072634;4441072631;
446887318;4441072624;4441072632;
446887318;4441072632;4441072633;
446887318;4441072633;4441072634;
446887318;4441072634;4441072635;
446887318;4441072635;4441072636;
448858674;412246608;412246607;
448858674;412246607;412246606;
448858674;412246606;412246604;
448858674;412246604;412246603;
448858674;412246603;412246602;
448858675;2205380098;445032810;
448858676;3573222252;1389528072;
448858676;1389528072;1389528070;
448858676;1389528070;4494940782;
448858676;4494940782;1389528068;
448858676;1389528068;1389528067;
448858676;1389528067;4496009451;
448858676;4496009451;1402787135;
448858676;1402787135;1389528064;
448858676;1389528064;4494941192;
448858676;4494941192;445032821;
448858676;445032821;2205380098;
448858676;2205380098;4494941191;
448858676;4494941191;1389528048;
448858676;1389528048;4494940787;
448858676;4494940787;4494941190;
448858676;4494941190;1389528047;
448858676;1389528047;4463692789;
448858676;4463692789;1389528044;
448858676;1389528044;4463692790;
448858676;4463692790;1389528043;
448858676;1389528043;1389528042;
448858676;1389528042;4494941189;
448858676;4494941189;4495897261;
448858676;4495897261;4495897264;
448858676;4495897264;1389528040;
448871548;429205589;4494941275;
448871548;4494941275;429205593;
448871548;429205593;4494941269;
450914845;1719174166;130213697;
450914845;130213697;1719174164;
452752391;431947952;4494941265;
452752391;4494941265;1221776488;
452752391;1221776488;431947954;
452752391;431947954;4494941266;
452752391;4494941266;429200553;
452752394;4494941269;4494941270;
452752394;4494941270;429205596;
452752394;429205596;4494941271;
452752394;4494941271;4494941268;
452752394;4494941268;4494941492;
452752394;4494941492;429200553;
452752398;4494941272;4494941273;
452752398;4494941273;4494941274;
452752398;4494941274;4494941269;
452752402;429205574;4494941286;
452752409;4494941285;4419264472;
452752409;4419264472;430273263;
452752409;430273263;429205582;
452752409;429205582;4494941276;
452752409;4494941276;4494941493;
452752409;4494941493;429205589;
452752414;4494941491;4498987613;
452752414;4498987613;430273270;
452752414;430273270;4498987614;
452752414;4498987614;4494941490;
452810787;4496173385;4496173386;
452810788;4496173902;4496173903;
452810788;4496173903;4496173904;
452810788;4496173904;4496173905;
452810788;4496173905;4496173906;
452810788;4496173906;4496173907;
452810788;4496173907;4496173908;
452810788;4496173908;4496173909;
452810788;4496173909;4496173910;
452810788;4496173910;430267070;
452810789;430267074;4496173911;
452810789;4496173911;4496173912;
452810789;4496173912;4496173913;
452810789;4496173913;4496173914;
452810789;4496173914;4496173915;
452810789;4496173915;4496173916;
452810789;4496173916;4496173917;
452810789;4496173917;4496173918;
452810789;4496173918;4496173919;
452810789;4496173919;4496173920;
452810789;4496173920;4496173921;
452810789;4496173921;4496173922;
452810789;4496173922;4496173923;
452810789;4496173923;4496173924;
452810789;4496173924;4496173925;
452810789;4496173925;4496173926;
452810789;4496173926;4496173927;
452810789;4496173927;4496173928;
452810789;4496173928;4496173929;
452810790;4496173930;4496173931;
452810790;4496173931;4496173932;
452810790;4496173932;4496173933;
452810790;4496173933;4496173934;
452810790;4496173934;4496173935;
452810790;4496173935;4496173936;
452810790;4496173936;4496173937;
452810790;4496173937;4496173938;
452810790;4496173938;4496173939;
452810790;4496173939;4496173940;
452810790;4496173940;4496173941;
452810790;4496173941;4496173942;
452810790;4496173942;4496173943;
452810790;4496173943;4496173944;
452810790;4496173944;4496173945;
452810790;4496173945;4496173946;
452810790;4496173946;4496173947;
452810791;4496173948;4496173949;
452810791;4496173949;4496173950;
452810791;4496173950;4496173951;
453099741;4498987483;4498987484;
453099742;4498987485;4498987488;
453099742;4498987488;4498987486;
453099742;4498987486;4498987487;
453099743;4498987488;4498987589;
453099745;432874407;4498987602;
453099745;4498987602;4498987603;
453099745;4498987603;4498987604;
453099745;4498987604;4498987605;
453099745;4498987605;4498987606;
453099746;432874398;4498987607;
453099746;4498987607;4498987608;
453393324;445032820;445032819;
453571434;4502872410;4502872411;
453571434;4502872411;4502872412;
453571434;4502872412;4502872413;
453571434;4502872413;4502872414;
453571434;4502872414;4502872415;
453571434;4502872415;4502872416;
453571434;4502872416;4502872417;
453571434;4502872417;4502872418;
453571434;4502872418;4502872419;
453609440;445032819;4503222505;
453609440;4503222505;4503222506;
453611781;4503249204;1719174269;
453611781;1719174269;3573222457;
453611781;3573222457;4503249202;
453611781;4503249202;4503249203;
453611781;4503249203;3573222464;
453613352;1719174208;1719174200;
453613352;1719174200;4503265320;
453613354;4411867891;4503265323;
453613354;4503265323;4411867892;
453613354;4411867892;4411867893;
453613354;4411867893;4503265316;
453613354;4503265316;4503265317;
453613354;4503265317;4503265318;
453613355;4411867891;4492974884;
453613355;4492974884;1719174184;
453613355;1719174184;1719174195;
453613355;1719174195;1719174227;
453613355;1719174227;4415010760;
453613355;4415010760;1719174162;
455315130;4517268310;4517268311;
455315130;4517268311;4517268312;
455685524;4520426801;4520426802;
455685524;4520426802;4520426803;
455685524;4520426803;4520426804;
455685524;4520426804;4520426805;
455685524;4520426805;4520426806;
455685524;4520426806;4520426807;
455685524;4520426807;4520426808;
455685524;4520426808;4520426818;
455685524;4520426818;4520426809;
455685525;4520426802;4520426811;
455685525;4520426811;4520426812;
455685525;4520426812;4520426813;
455685525;4520426813;4520426814;
455685525;4520426814;4520426815;
455685525;4520426815;4520426816;
455685525;4520426816;4520426817;
455685525;4520426817;4520426818;
456118771;4523960189;4534707505;
456118771;4534707505;4523960190;
456118771;4523960190;4523960191;
456394698;4526607777;4526607778;
456394699;4526607779;4526607780;
456394699;4526607780;4526607785;
456394699;4526607785;4526607782;
456394699;4526607782;4526607781;
456394700;4526607782;4526607783;
456394700;4526607783;4526607784;
456394700;4526607784;4526607785;
456394702;4526607788;4526607789;
456394702;4526607789;4526607791;
456394702;4526607791;4526607792;
456394702;4526607792;4526607793;
456394702;4526607793;4526607787;
456394702;4526607787;4526607795;
456394702;4526607795;4526607786;
456394702;4526607786;2485736713;
456394704;4526607791;4526607794;
456394704;4526607794;4526607795;
456394705;4526607776;4526607796;
456394705;4526607796;4526607797;
456394705;4526607797;4526607798;
456394705;4526607798;4526607799;
456394705;4526607799;4526607800;
456394705;4526607800;4526607797;
456394706;2102009670;4526607801;
456394706;4526607801;4526607805;
456394706;4526607805;4526607802;
456394706;4526607802;4526607803;
456394706;4526607803;4526607804;
456394706;4526607804;4526607805;
456394707;4526607804;4526607806;
456394707;4526607806;4526607807;
456394707;4526607807;4526607798;
456394708;4526607808;4526607809;
456394708;4526607809;4526607810;
456394708;4526607810;4526607811;
460568708;4562008804;4562008805;
460568709;4562008806;4562008807;
460568709;4562008807;4562008808;
460568709;4562008808;4562008809;
460568709;4562008809;4562008810;
460568709;4562008810;4562008811;
460568711;4562008810;4562008812;
460568711;4562008812;4562008813;
460568711;4562008813;4562008814;
461133007;4441072621;4566736210;
461133007;4566736210;4566736211;
461133007;4566736211;4566736212;
461133007;4566736212;4566736213;
461133007;4566736213;4566736214;
461133007;4566736214;4566736215;
461133007;4566736215;4566736216;
461133008;4441072631;4566736217;
461133008;4566736217;4566736218;
461133008;4566736218;4566736219;
461133008;4566736219;4566736220;
461133008;4566736220;4566736216;
461133009;4441072624;4566736221;
461133009;4566736221;4566736222;
461133009;4566736222;4566736223;
461133009;4566736223;4566736224;
461133009;4566736224;4566736225;
461925687;4282469049;2185848583;
461925687;2185848583;2185848586;
461925687;2185848586;2185848584;
461925687;2185848584;2185848565;
461925687;2185848565;2185848581;
461925687;2185848581;2185848561;
461925687;2185848561;2185848588;
461925687;2185848588;4517268358;
461925687;4517268358;2185848577;
461925687;2185848577;2185848563;
461925687;2185848563;2185848567;
461925687;2185848567;2185848568;
461925687;2185848568;2185848579;
463310478;4585887625;4585887626;
463310479;4585887626;4585887627;
463310479;4585887627;4585887628;
463310479;4585887628;4585887629;
463310479;4585887629;4585887630;
463310479;4585887630;4585887632;
463310479;4585887632;4585887631;
463310480;4585887632;4585887633;
463310480;4585887633;4585887634;
463310480;4585887634;4585887635;
463310480;4585887635;4585887636;
463310480;4585887636;4585887637;
463310480;4585887637;4585887638;
463310480;4585887638;4585887639;
463310480;4585887639;4585887640;
463310480;4585887640;4585887641;
463310480;4585887641;4585887645;
463310480;4585887645;4585887626;
463310481;4585887642;4585887643;
463310481;4585887643;4585887644;
463310481;4585887644;4585887645;
463310482;4585887646;4585887647;
463310482;4585887647;4585887648;
463310482;4585887648;4585887649;
463310482;4585887649;4585887650;
463310482;4585887650;4585887651;
463310482;4585887651;4585887652;
463310482;4585887652;4585887647;
463310484;4585887654;4585887655;
463310484;4585887655;4585887656;
463310484;4585887656;4585887657;
463894861;4590986045;4590986046;
463894861;4590986046;4590986047;
463894861;4590986047;4590986053;
463894861;4590986053;4590986048;
463894861;4590986048;4590986049;
463894861;4590986049;4590986050;
463894861;4590986050;4590986051;
463894861;4590986051;4590986052;
463894862;4590986053;4590986054;
468686243;420776909;3139458009;
468686243;3139458009;112613604;
468686243;112613604;2846609717;
468686243;2846609717;112613605;
468686243;112613605;112613606;
468686243;112613606;112652932;
473462766;788826712;4675765440;
473462766;4675765440;4675765441;
473462766;4675765441;4675765442;
473462766;4675765442;4675765443;
480746899;4737169885;4737169884;
480746899;4737169884;4737169883;
480746899;4737169883;4737169828;
480746899;4737169828;3170300773;
480746899;3170300773;4737169856;
480746899;4737169856;4737169857;
480746899;4737169857;4737169829;
480746900;4737169830;4737169831;
480746903;4737169831;4737169869;
