27103352;1214152740;3714381621;
27103352;3714381621;297364690;
27103352;297364690;3093359346;
27103352;3093359346;297364691;
27103352;297364691;3714381625;
27103352;3714381625;3714381626;
27103352;3714381626;297364692;
27103352;297364692;3714381628;
27103352;3714381628;3714381630;
27103352;3714381630;297364740;
27103352;297364740;3714381632;
27103352;3714381632;3093359331;
27103352;3093359331;3714381635;
27103352;3714381635;297364741;
27103352;297364741;3714381641;
27103352;3714381641;3714381645;
27103352;3714381645;297364742;
27103352;297364742;3093359338;
27103352;3093359338;3714381659;
27103352;3714381659;3093359329;
27103352;3093359329;3714381665;
27103352;3714381665;297364743;
27103352;297364743;297364744;
27103352;297364744;3714381727;
27103352;3714381727;297364699;
27103352;297364699;3714381750;
27103352;3714381750;3093359336;
27103352;3093359336;3714381791;
27103352;3714381791;3714381795;
27103352;3714381795;3714381798;
27103352;3714381798;297364746;
27103352;297364746;3093359349;
27103352;3093359349;3714381803;
27103352;3714381803;3714381809;
27103352;3714381809;297364748;
27103352;297364748;3093359324;
27103352;3093359324;3714381677;
27103352;3714381677;263576231;
36869654;1647949154;428672187;
36869654;428672187;3573222509;
36869654;3573222509;428672186;
36869654;428672186;1647949114;
36869654;1647949114;1731171405;
36869654;1731171405;428672168;
37221652;1260748530;4494941201;
37221652;4494941201;433469161;
37221652;433469161;4440945951;
37221652;4440945951;433469160;
37221652;433469160;4494941236;
37221652;4494941236;3168773402;
37221652;3168773402;4494941237;
37221652;4494941237;4494941238;
37221652;4494941238;433469158;
37221652;433469158;433469157;
37221652;433469157;445028111;
37221652;445028111;3230463787;
37221652;3230463787;4493046056;
37221652;4493046056;4493046057;
37221652;4493046057;433469156;
37221652;433469156;433469151;
37221659;4496229648;4496229647;
37221659;4496229647;4496229646;
37221659;4496229646;4496229645;
37221659;4496229645;4412388801;
37221659;4412388801;444058671;
37221659;444058671;4494941548;
37221659;4494941548;4493046298;
37221659;4493046298;4412388800;
37221659;4412388800;4493046299;
37221659;4493046299;444058670;
37221659;444058670;4496229644;
37221659;4496229644;444058669;
37221659;444058669;4496229643;
37221659;4496229643;4412388799;
37221659;4412388799;444058668;
37221659;444058668;1650259080;
37221659;1650259080;1650259125;
37221660;433469276;4492974723;
37221660;4492974723;4492974724;
37221660;4492974724;4492974726;
37221660;4492974726;4492974725;
37221660;4492974725;433469280;
37393298;436639165;3168773427;
37393299;436639233;436639232;
37393299;436639232;4494941517;
37393299;4494941517;436639230;
37393299;436639230;436639229;
37393299;436639229;436639227;
37393299;436639227;4494941518;
37393299;4494941518;436639226;
37393299;436639226;436639224;
37393299;436639224;4494941519;
37393299;4494941519;436639222;
37393299;436639222;433469175;
37393300;436639175;436639176;
37393300;436639176;1260748524;
37393300;1260748524;4494941204;
37393300;4494941204;4494941205;
37393300;4494941205;1260748519;
37393300;1260748519;4494941206;
37393300;4494941206;4494941203;
37393300;4494941203;1260748515;
37393300;1260748515;4494977998;
37393300;4494977998;1260748527;
37393300;1260748527;4494977997;
37393300;4494977997;4494977996;
37393300;4494977996;4494977999;
37393300;4494977999;4412467953;
37393306;4419069899;4493046046;
37393306;4493046046;4493046043;
37393306;4493046043;4446312313;
37393306;4446312313;4493046044;
37393306;4493046044;4493046045;
37393306;4493046045;436639198;
37393307;436639201;4494941522;
37393311;436639212;4502840760;
37393311;4502840760;3230463781;
37393311;3230463781;4502840759;
37393311;4502840759;4502840758;
37393311;4502840758;3230463780;
37393311;3230463780;4502840757;
37393311;4502840757;4503189154;
37393311;4503189154;3230463779;
37393311;3230463779;4502840756;
37393311;4502840756;436639235;
37393312;433469150;436639236;
37393312;436639236;4502840761;
37393312;4502840761;4502840765;
37393312;4502840765;4493046060;
37393312;4493046060;4493046061;
37393312;4493046061;4502840762;
37393312;4502840762;4502840766;
37393312;4502840766;4502840764;
37393312;4502840764;4493046062;
37393312;4493046062;4493046063;
37393312;4493046063;4502840763;
37393312;4502840763;436639237;
37393312;436639237;4502840767;
37393312;4502840767;3230463778;
37393312;3230463778;4502840771;
37393312;4502840771;4502840768;
37393312;4502840768;4502840769;
37393312;4502840769;4493046065;
37393312;4493046065;436639238;
37393312;436639238;4502840770;
37393312;4502840770;436639239;
37393312;436639239;4493046064;
37393312;4493046064;436639240;
37393312;436639240;3230463782;
37393312;3230463782;433469154;
37857250;1654252859;4492974828;
37857250;4492974828;444041609;
37857250;444041609;3554472065;
37857250;3554472065;444041612;
37857250;444041612;4492974691;
37857250;4492974691;444041613;
37857250;444041613;4492974690;
37857250;4492974690;444041615;
37857897;444058589;3554456876;
37857897;3554456876;444058590;
37857897;444058590;4478129854;
37857897;4478129854;4478129843;
37857897;4478129843;4478129853;
37857897;4478129853;444058591;
37857897;444058591;4478129852;
37857897;4478129852;4478129844;
37857897;4478129844;4478129849;
37857897;4478129849;444058592;
37857897;444058592;4478129850;
37857897;4478129850;4478129845;
37857897;4478129845;4478129851;
37857897;4478129851;444058593;
37857897;444058593;4478129848;
37857897;4478129848;444058594;
37857897;444058594;3554456875;
37857897;3554456875;1651479410;
37857900;444058615;4494941546;
37857900;4494941546;4492973975;
37857900;4492973975;444058606;
37857902;444058607;4492973968;
37857902;4492973968;444058624;
37857902;444058624;4492973969;
37857902;4492973969;4492973967;
37857902;4492973967;444058621;
37857903;444058624;4492973965;
37857903;4492973965;4492973964;
37857903;4492973964;444058617;
37857904;444058625;3553955585;
37857904;3553955585;3553955578;
37857904;3553955578;3553741637;
37857904;3553741637;444058627;
37857904;444058627;3553955588;
37857904;3553955588;3553955579;
37857904;3553955579;3553955574;
37857904;3553955574;3553741635;
37857907;3553678196;444058634;
37857910;444058651;444058649;
37857910;444058649;4502959876;
37857910;4502959876;444058648;
37857910;444058648;444058643;
37857911;444058651;1731171362;
37857911;1731171362;444058652;
37857911;444058652;444058653;
37857911;444058653;444058654;
37857911;444058654;3556425407;
37857911;3556425407;444058655;
37857911;444058655;1731171350;
37857912;428672172;3573222498;
37857912;3573222498;444058647;
37857913;444058641;444058643;
37857913;444058643;444058644;
37857913;444058644;4703707586;
37857913;4703707586;444058645;
37857913;444058645;4703707587;
37857913;4703707587;3556425402;
37857913;3556425402;444058646;
37857913;444058646;3556513351;
37857913;3556513351;444058647;
37857913;444058647;3556425400;
37857913;3556425400;3556425401;
37857913;3556425401;444058656;
37857914;444058668;444058673;
37857914;444058673;444058674;
37857914;444058674;444058675;
37857914;444058675;4422128049;
37857914;4422128049;4493046300;
37857914;4493046300;4541171619;
37857914;4541171619;4541171610;
37857915;444058684;4412388679;
37857915;4412388679;4412488942;
37857915;4412488942;444058686;
37857916;444058687;4492973955;
37857916;4492973955;445353648;
37857916;445353648;1650427286;
37857916;1650427286;4412388791;
37857916;4412388791;444058690;
37857916;444058690;4412388790;
37857916;4412388790;444058691;
37857916;444058691;4419094418;
37857916;4419094418;3573222506;
37857916;3573222506;1647949105;
37857916;1647949105;4412388686;
37857916;4412388686;4492974749;
37857916;4492974749;444058728;
37857916;444058728;444058686;
37857916;444058686;4492974813;
37857916;4492974813;444058704;
37857916;444058704;4492974812;
37857916;4492974812;444058706;
37857916;444058706;4562008487;
37857916;4562008487;4562008488;
37857916;4562008488;4562008789;
37857916;4562008789;444058710;
37857917;444058680;4492974744;
37857917;4492974744;444058712;
37857918;444058718;444058710;
37857919;444058720;444058724;
37857919;444058724;4412388789;
37857919;4412388789;444058726;
37857919;444058726;4492974810;
37857919;4492974810;4492974809;
37857919;4492974809;4422128037;
37857919;4422128037;4492974808;
37857919;4492974808;4412467935;
37857919;4412467935;4541171610;
37857920;444058728;4492974750;
37857920;4492974750;444058730;
37857921;444058732;444058730;
37857922;444058732;4492974814;
37857922;4492974814;3573222501;
37857922;3573222501;4411479459;
37857922;4411479459;4492973956;
37857922;4492973956;444058742;
37857924;428672165;3553955587;
37857924;3553955587;3553796518;
37857924;3553796518;444058625;
37857924;444058625;4492973957;
37857924;4492973957;444058744;
37857971;444060328;4492974874;
37857971;4492974874;4492974875;
37857971;4492974875;444060329;
37857971;444060329;3499996603;
37857971;3499996603;444060331;
37857972;1650259040;4494941549;
37857972;4494941549;4492974734;
37857972;4492974734;444060334;
37857972;444060334;4494941550;
37857972;4494941550;444060335;
37857972;444060335;4494941551;
37857972;4494941551;4492974879;
37857972;4492974879;4492974877;
37857972;4492974877;4493045884;
37857972;4493045884;4493045883;
37857972;4493045883;444060337;
37857972;444060337;444060338;
37857972;444060338;444060344;
37857972;444060344;4493045886;
37857972;4493045886;3168773423;
37857972;3168773423;444060340;
37857972;444060340;444060342;
37857972;444060342;4493045989;
37857972;4493045989;3168773420;
37857972;3168773420;4494941552;
37857972;4494941552;4492974878;
37857972;4492974878;3499996635;
37857972;3499996635;4493045990;
37857972;4493045990;433469147;
37857972;433469147;1650259127;
37857972;1650259127;436639165;
37857972;436639165;3168773421;
37857972;3168773421;4493046000;
37857972;4493046000;433469168;
37857972;433469168;4493046001;
37857972;4493046001;436639175;
37857972;436639175;4494941234;
37857972;4494941234;4493046004;
37857972;4493046004;4493046002;
37857972;4493046002;4493046005;
37857972;4493046005;1260748530;
37857973;444060344;4493045885;
37857973;4493045885;3168773414;
37857973;3168773414;4493046291;
37857973;4493046291;444060346;
37857973;444060346;4492974731;
37857973;4492974731;4381481500;
37857973;4381481500;433469272;
37857974;444060340;4493045888;
37857974;4493045888;4381481505;
37857974;4381481505;3168773417;
37914788;445028111;3230463788;
37914788;3230463788;445028112;
37914788;445028112;445028113;
37914791;2207556266;2207556269;
37914791;2207556269;2207556270;
37914791;2207556270;4493046074;
37914791;4493046074;2207556267;
37914793;445028148;4496229630;
37914793;4496229630;445028149;
37914793;445028149;445028150;
37914793;445028150;445028151;
37914793;445028151;445028147;
37914793;445028147;445028152;
37914793;445028152;445028153;
37914793;445028153;445028154;
37914793;445028154;445028155;
37914796;445028184;445028186;
37914796;445028186;445028187;
37914796;445028187;4541181074;
37914796;4541181074;445028188;
37914796;445028188;4541181075;
37914796;4541181075;445028189;
37914796;445028189;445028190;
37914796;445028190;445028191;
37914796;445028191;445028182;
37914804;445028183;445028243;
37914804;445028243;4541181076;
37914804;4541181076;445028244;
37914804;445028244;445028245;
37914804;445028245;445028246;
37914804;445028246;445028242;
37915263;433469151;3230463784;
37915263;3230463784;4493046058;
37915263;4493046058;436639221;
37915263;436639221;433469150;
37915263;433469150;436639235;
37915263;436639235;3230463777;
37915263;3230463777;4493046066;
37915263;4493046066;4502830426;
37915263;4502830426;433469149;
37915263;433469149;3230463776;
37915263;3230463776;3230463775;
37915263;3230463775;433469148;
37915263;433469148;3230463774;
37915264;433469145;4493046076;
37915264;4493046076;2207556273;
37915264;2207556273;4493046075;
37915264;4493046075;445028136;
37915264;445028136;4493046078;
37915264;4493046078;2207556268;
37917560;445053693;4492974791;
37917560;4492974791;445053725;
37917560;445053725;445053726;
37917560;445053726;445053727;
37917561;445053691;445053730;
37917561;445053730;445053734;
37917561;445053734;4496019208;
37917561;4496019208;4496019206;
37917561;4496019206;4496019209;
37917561;4496019209;4496019207;
37917561;4496019207;445053736;
37917562;445053748;445053749;
37917562;445053749;445053750;
37917562;445053750;445053752;
37917562;445053752;445053754;
37917562;445053754;445053755;
37917562;445053755;4413310324;
37917562;4413310324;445053756;
37917562;445053756;4760823289;
37918100;4411559245;4411559246;
37918100;4411559246;4411559247;
37918100;4411559247;444058720;
37918100;444058720;4541171621;
37918100;4541171621;445061042;
37918100;445061042;4411559236;
37918100;4411559236;4411559237;
37918100;4411559237;4411559238;
37918100;4411559238;444058718;
37918100;444058718;1731171358;
37918100;1731171358;445061057;
37918100;445061057;444058716;
37918100;444058716;4411559239;
37918100;4411559239;4411559240;
37918100;4411559240;4411559241;
37918100;4411559241;4411559242;
37918100;4411559242;4411559243;
37918100;4411559243;4411559244;
37918100;4411559244;444058712;
37918100;444058712;445061052;
37918100;445061052;4411559245;
37918101;4412388688;445061067;
37918101;445061067;4422128036;
37918101;4422128036;445061071;
37918101;445061071;445061073;
37918101;445061073;445061076;
37918101;445061076;4493046312;
37918101;4493046312;445061077;
37918101;445061077;4493046311;
37918101;4493046311;445061081;
37918101;445061081;4422128045;
37918101;4422128045;445061082;
37918101;445061082;4412467936;
37918101;4412467936;445061085;
37931989;428672169;445353619;
37931989;445353619;445353621;
37931989;445353621;4614333891;
37931989;4614333891;4614333890;
37931989;4614333890;1710256539;
37931989;1710256539;1710256541;
37931989;1710256541;1710256532;
37931990;445353619;445353626;
37931994;445353645;445353646;
37931994;445353646;445353647;
37931994;445353647;3553847596;
37931994;3553847596;444058628;
37931995;428672165;4614309320;
37931995;4614309320;4614309321;
37931995;4614309321;445353649;
37931995;445353649;4614309322;
37931995;4614309322;4614309316;
37931995;4614309316;4614309319;
37931995;4614309319;445353650;
37931995;445353650;445353651;
37931995;445353651;4614309317;
91761908;428672178;1066384616;
91761908;1066384616;1066384627;
91761908;1066384627;1066384608;
91761908;1066384608;1066384616;
105397439;1214152740;3714381624;
105397439;3714381624;3093359335;
105397439;3093359335;3714381634;
105397439;3714381634;26122738;
105397439;26122738;26122739;
105397439;26122739;1214152736;
105400529;1214165297;1731171263;
105400535;1214165372;1214165505;
105400535;1214165505;1214165416;
105400535;1214165416;1214165402;
105400535;1214165402;1214165184;
105400535;1214165184;1214165224;
105400535;1214165224;1214165285;
105400535;1214165285;1214165201;
105400535;1214165201;1214165316;
105400535;1214165316;1214165302;
105400535;1214165302;1214165258;
105400535;1214165258;1214165403;
105400535;1214165403;1214165259;
105400537;1214165375;1214165319;
105400537;1214165319;1214165353;
105400537;1214165353;1214165263;
105400537;1214165263;1214165345;
105400537;1214165345;1214165360;
105400537;1214165360;1214165339;
105400537;1214165339;1214165452;
105400537;1214165452;1214165234;
105400537;1214165234;1214165191;
105400537;1214165191;1214165312;
105400537;1214165312;1214165372;
105400537;1214165372;1214165235;
105400537;1214165235;1214165420;
105400539;1214165235;1214165368;
105400540;1214165446;1214165361;
105400540;1214165361;1214165380;
105400540;1214165380;1214165382;
105400540;1214165382;4703734819;
105400540;4703734819;1214165291;
105400540;1214165291;4703734818;
105400540;4703734818;1214165369;
105400540;1214165369;1214165373;
105400540;1214165373;1214165265;
105400540;1214165265;1214165349;
105400540;1214165349;1214165381;
105400540;1214165381;4703734827;
105400540;4703734827;1214165292;
105400540;1214165292;1214165384;
105400540;1214165384;1214165393;
105400540;1214165393;1214165347;
105400540;1214165347;1214165387;
105400540;1214165387;1214165438;
105400540;1214165438;1214165408;
105400540;1214165408;1214165328;
105400540;1214165328;1214165395;
105400540;1214165395;1214165442;
105400544;1214165316;1214165330;
105400544;1214165330;1214165394;
105400544;1214165394;1214165294;
105400544;1214165294;1214165297;
105400544;1214165297;4703734835;
105400544;4703734835;4703734834;
105400544;4703734834;1214165442;
105400549;3553872993;3553778914;
105400549;3553778914;445353536;
107432058;1234721271;1234721228;
107432063;1234721338;1234721288;
107432063;1234721288;1234721264;
107432063;1234721264;1234721227;
107432063;1234721227;4415729407;
107432063;4415729407;1234721164;
107432063;1234721164;4492974926;
107432063;4492974926;1234721261;
107432063;1234721261;1234721271;
107432063;1234721271;4499020650;
107432063;4499020650;445053682;
116880171;1316540059;1731171483;
116880171;1731171483;1316576236;
116880171;1316576236;1316576227;
116880171;1316576227;1316579822;
116880171;1316579822;1316576242;
116880171;1316576242;1316576226;
116880171;1316576226;1316576244;
116880171;1316576244;1316576232;
116880171;1316576232;1316576237;
116880171;1316576237;1316576245;
116880171;1316576245;1316585756;
116880171;1316585756;1316576223;
116880171;1316576223;1316585728;
116880171;1316585728;1316576235;
116880171;1316576235;1316576229;
116880171;1316576229;1316576238;
116880171;1316576238;1316576241;
116880171;1316576241;1316576240;
116880171;1316576240;1316576228;
116880172;444058663;1731171391;
116880172;1731171391;428672175;
116880172;428672175;1731171402;
116880172;1731171402;1316576243;
116880172;1316576243;1316576230;
116880172;1316576230;3556462853;
125172705;1316576234;1731171397;
125172707;428672170;1316576234;
126570322;433469146;4494941509;
126570322;4494941509;4494941508;
126570322;4494941508;436639216;
126570322;436639216;436639215;
126570322;436639215;436639214;
126570322;436639214;436639213;
126570322;436639213;436639212;
151953132;1647949082;4541171623;
151953132;4541171623;4541171622;
151953132;4541171622;4541171627;
151953132;4541171627;1728072258;
151953132;1728072258;4541171628;
151953132;4541171628;4494941540;
151953132;4494941540;4541171624;
151953132;4541171624;4494941541;
151953132;4494941541;4541171625;
151953132;4541171625;269567438;
151953133;444058734;444058736;
151953134;4412388789;4412388688;
151953134;4412388688;1647949084;
151953135;1647949112;1647949108;
151953140;1647949110;4492974821;
151953140;4492974821;4496019235;
151953140;4496019235;1647949111;
151953140;1647949111;4496019234;
151953140;4496019234;1647949113;
151953140;1647949113;4415754037;
151953140;4415754037;1647949115;
151953140;1647949115;4492974820;
151953140;4492974820;444058738;
151953143;444058738;4492974819;
151953143;4492974819;4412388798;
151953143;4412388798;4492974818;
151953143;4492974818;4492974753;
151953143;4492974753;3573222510;
151953143;3573222510;4494941535;
151953143;4494941535;4494941533;
151953143;4494941533;444058736;
151953143;444058736;4494941534;
151953143;4494941534;1647949112;
151953144;1647949083;4494941544;
151953144;4494941544;4494941543;
151953144;4494941543;4541171626;
151953144;4541171626;4494941542;
151953144;4494941542;1647949082;
152189717;1650259040;1650259079;
152189718;1650259106;4494941225;
152189718;4494941225;3499996604;
152189718;3499996604;1650259061;
152189718;1650259061;4494941223;
152189718;4494941223;1650259166;
152189718;1650259166;4494941224;
152189718;4494941224;4494941222;
152189718;4494941222;1650259132;
152189718;1650259132;4411559708;
152189718;4411559708;1650259119;
152189718;1650259119;4494941221;
152189718;4494941221;1650259123;
152189718;1650259123;4494941220;
152189718;4494941220;4494941219;
152189718;4494941219;1650259139;
152189718;1650259139;4494941218;
152189718;4494941218;4494941230;
152189718;4494941230;4494941217;
152189718;4494941217;4494941231;
152189718;4494941231;1650259167;
152189718;1650259167;4494941216;
152189718;4494941216;1650259046;
152189718;1650259046;4494941215;
152189718;4494941215;4411559288;
152189718;4411559288;4494941214;
152189718;4494941214;4494941232;
152189718;4494941232;1650259086;
152189718;1650259086;4502785572;
152189718;4502785572;4502785573;
152189718;4502785573;4494941212;
152189718;4494941212;4494941213;
152189718;4494941213;3499996605;
152189718;3499996605;1650259127;
152189721;1650259140;4492974796;
152189721;4492974796;1650259113;
152189722;444058676;4541171601;
152189722;4541171601;1650259063;
152189722;1650259063;4492974802;
152189722;4492974802;1650259165;
152189722;1650259165;444060331;
152189722;444060331;4492974801;
152189722;4492974801;444060332;
152189722;444060332;1650259070;
152189722;1650259070;3499996594;
152189722;3499996594;4492974800;
152189722;4492974800;1650259106;
152189723;1650259102;1650259156;
152189723;1650259156;4492974739;
152189723;4492974739;4492974740;
152189723;4492974740;1650259122;
152189723;1650259122;3573222465;
152189724;1650259070;1650259044;
152189724;1650259044;1650259159;
152189725;1650259051;1650259145;
152189725;1650259145;1650259065;
152189725;1650259065;4494941227;
152189725;4494941227;4562008790;
152189725;4562008790;1650259106;
152189725;1650259106;1650259161;
152189725;1650259161;1650259130;
152189725;1650259130;1650259118;
152189725;1650259118;1650259160;
152189725;1650259160;4494941226;
152189725;4494941226;1650259058;
152189725;1650259058;1650259052;
152189725;1650259052;1650259090;
152189725;1650259090;1650259072;
152189725;1650259072;1650259056;
152189725;1650259056;1650259084;
152189725;1650259084;1650259069;
152189725;1650259069;1650259060;
152189725;1650259060;1650259128;
152189725;1650259128;1650259051;
152189728;1650259112;3499996597;
152189728;3499996597;3499996596;
152189728;3499996596;2512124591;
152189728;2512124591;3499996595;
152189728;3499996595;4492974798;
152189728;4492974798;4494941228;
152189728;4494941228;4492974799;
152189728;4492974799;1650259058;
152189729;1650259158;3499996598;
152189729;3499996598;3499996599;
152189729;3499996599;4494941229;
152189730;1650259148;4412468311;
152189730;4412468311;1650259062;
152189730;1650259062;4412467986;
152189730;4412467986;4463691472;
152189730;4463691472;1650259054;
152189730;1650259054;4463691471;
152189730;4463691471;1650259093;
152189730;1650259093;444060352;
152189730;444060352;4493046297;
152189730;4493046297;3168773422;
152189730;3168773422;1650259092;
152189730;1650259092;1650259079;
152189731;1650259143;4492974716;
152189731;4492974716;1650259117;
152189731;1650259117;433469280;
152189731;433469280;4492974727;
152189731;4492974727;444060354;
152189731;444060354;4492974728;
152189731;4492974728;444060348;
152189731;444060348;4412467985;
152189731;4412467985;4493046293;
152189731;4493046293;444060350;
152189731;444060350;4493046294;
152189731;4493046294;4493046295;
152189731;4493046295;4493046296;
152189731;4493046296;444060352;
152189733;1650259146;1650259096;
152189733;1650259096;1650259121;
152189733;1650259121;1650259133;
152189733;1650259133;3499996602;
152189733;3499996602;1650259112;
152189733;1650259112;1650259104;
152189733;1650259104;1650259074;
152189733;1650259074;1650259116;
152189733;1650259116;1650259043;
152189733;1650259043;3499996600;
152189733;3499996600;1650259158;
152189733;1650259158;1650259134;
152189733;1650259134;1650259151;
152189733;1650259151;1650259114;
152189733;1650259114;1650259138;
152189733;1650259138;1650259083;
152189733;1650259083;1650259087;
152189733;1650259087;3499996601;
152189733;3499996601;1650259113;
152189733;1650259113;1650259146;
152189736;1650259079;1650259077;
152208674;1650427286;4492974867;
152208674;4492974867;445353661;
152208674;445353661;4463691475;
152208674;4463691475;4463691474;
152208674;4463691474;445353662;
152208674;445353662;4492974868;
152208674;4492974868;1647909989;
152208674;1647909989;1647909988;
152208674;1647909988;4492974869;
152208674;4492974869;1647909987;
152208674;1647909987;4492974870;
152208674;4492974870;1647909986;
152208674;1647909986;4496019233;
152255020;1650812885;1650812884;
152255021;1650812905;1731171300;
152255021;1731171300;4492973981;
152255021;4492973981;1650812927;
152321081;1651479411;4478129846;
152321081;4478129846;1651479403;
152321081;1651479403;1651479407;
152321081;1651479407;1651479402;
152321081;1651479402;1651479400;
152321081;1651479400;4478129847;
152321081;4478129847;1651479410;
152321081;1651479410;1651479418;
152321081;1651479418;1651479415;
152321081;1651479415;1651479420;
152321081;1651479420;1651479406;
152321081;1651479406;1651479404;
152321081;1651479404;1651479416;
152321081;1651479416;1651479414;
152321081;1651479414;1651479417;
152321081;1651479417;1651479397;
152321081;1651479397;1651479405;
152321081;1651479405;1651479398;
152321081;1651479398;1651479408;
152321081;1651479408;1651479401;
152321081;1651479401;1651479411;
152321089;1651479413;1651479409;
152321089;1651479409;1651479419;
152321090;1651479417;444058596;
152321090;444058596;444058597;
152321090;444058597;4492973982;
152321090;4492973982;444058598;
152321090;444058598;444058599;
152321090;444058599;1650812899;
152342249;444058732;4492974751;
152342249;4492974751;1647949108;
152342249;1647949108;444058734;
152342251;444058730;269567441;
152618120;1654252855;444041601;
152618120;444041601;444041603;
152618120;444041603;444041604;
152618120;444041604;4492974827;
152618120;4492974827;4408373583;
152618120;4408373583;444041605;
152618120;444041605;4541181067;
152618120;4541181067;1920061429;
152618120;1920061429;444041606;
152618120;444041606;4492974826;
152618120;4492974826;444041608;
152651601;1654560289;1654560533;
152651601;1654560533;1654560446;
152651601;1654560446;1654560434;
152651601;1654560434;1654560223;
152651601;1654560223;1654560284;
152651601;1654560284;4751802947;
152651601;4751802947;1654560493;
152651601;1654560493;1654560496;
152651601;1654560496;1654560399;
152651601;1654560399;1654560204;
152651601;1654560204;1654560361;
152651602;444041615;1654560216;
152651602;1654560216;1654560531;
152651602;1654560531;4492973986;
152651602;4492973986;1654560396;
152651602;1654560396;4492973985;
152651602;4492973985;1654560349;
152651602;1654560349;444058766;
152651603;1654560269;1654560311;
152651603;1654560311;1654560387;
152651603;1654560387;1654560390;
152651603;1654560390;1654560503;
152651603;1654560503;1654560448;
152651603;1654560448;1654560527;
152651603;1654560527;1654560380;
152651606;444041651;1654560328;
152651606;1654560328;1654560499;
152651606;1654560499;4562008820;
152651606;4562008820;1654560274;
152651606;1654560274;1654560227;
152651606;1654560227;1654560500;
152651609;1654560266;1654560346;
152651609;1654560346;1654560380;
152651609;1654560380;1654560450;
152651609;1654560450;1654560289;
152651609;1654560289;1654560442;
152651609;1654560442;1654560210;
152651609;1654560210;1654560236;
152651609;1654560236;1654560231;
152651609;1654560231;1654560298;
152651609;1654560298;4502959805;
152651609;4502959805;444058790;
160766810;1728072512;1728072520;
160766810;1728072520;1728072523;
160766810;1728072523;130213684;
160766810;130213684;1728072525;
160766810;1728072525;1728072529;
160766810;1728072529;1728072534;
160766810;1728072534;1728072539;
160766810;1728072539;1728072543;
160766810;1728072543;1728072568;
160766838;1647909984;1728072549;
160766838;1728072549;1728072571;
160766838;1728072571;1728072577;
161124012;4478129860;1650812899;
161124012;1650812899;1650812896;
161124012;1650812896;1731171294;
161124012;1731171294;1650812909;
161124012;1650812909;1650812914;
161124012;1650812914;4478129857;
161124012;4478129857;1650812907;
161124012;1650812907;1650812922;
161124012;1650812922;1650812921;
161124012;1650812921;1731171302;
161124012;1731171302;4478129858;
161124012;4478129858;1650812916;
161124012;1650812916;1731171304;
161124012;1731171304;1731171303;
161124012;1731171303;1731171299;
161124012;1731171299;4478129859;
161124012;4478129859;1650812905;
161124012;1650812905;1731171297;
161124012;1731171297;1731171295;
161124012;1731171295;4478129860;
161124061;445353537;444058635;
161124137;1731171357;3553705575;
161124137;3553705575;1731171361;
161124137;1731171361;444058630;
161124171;1731171379;3553678456;
161124171;3553678456;1731171367;
161124171;1731171367;1731171364;
161124240;1731171325;1731171324;
161124240;1731171324;1654268289;
161124240;1654268289;1731171309;
161124240;1731171309;1731171307;
161124243;1650812930;1650812925;
161124243;1650812925;3555897841;
161124243;3555897841;1650812887;
161124243;1650812887;1650812886;
161124243;1650812886;1650812885;
161124263;444058632;3553955591;
161124263;3553955591;1731171384;
161124263;1731171384;3553676217;
161124263;3553676217;3553669075;
161124263;3553669075;3553627543;
161124263;3553627543;1731171379;
161124263;1731171379;3553678196;
161124273;1731171338;1731171340;
161124273;1731171340;1731171339;
161124273;1731171339;3554456872;
161124273;3554456872;1731171333;
161124273;1731171333;1731171332;
161124273;1731171332;1650812945;
161124277;1654560216;4492973987;
161124277;4492973987;444041673;
161124277;444041673;1654560269;
161124277;1654560269;444041675;
161124277;444041675;1654560293;
161124277;1654560293;4751802946;
161124277;4751802946;1654560393;
161124277;1654560393;4751802945;
161124277;4751802945;1654560339;
161124278;3553872993;3553796945;
161124278;3553796945;3553823873;
161124278;3553823873;3553823872;
179877749;1903099840;1903099831;
179877749;1903099831;4695891140;
179877749;4695891140;1903099872;
179877749;1903099872;4695891141;
179877749;4695891141;1903099877;
179877749;1903099877;4695891150;
179877749;4695891150;1316573625;
179877749;1316573625;4695891151;
179877749;4695891151;4695891152;
179877749;4695891152;1903099867;
179877749;1903099867;1903099846;
179877749;1903099846;4478129875;
179877749;4478129875;4478129874;
179877749;4478129874;1903099870;
179877749;1903099870;4478129873;
179877749;4478129873;1903099852;
179877749;1903099852;1903099844;
179877749;1903099844;428672178;
179877749;428672178;1903099879;
179877749;1903099879;428672177;
179877749;428672177;428672176;
179877749;428672176;4677600019;
179877749;4677600019;4677600018;
179877749;4677600018;428672175;
179897060;1214165442;1214165390;
179897060;1214165390;1214165322;
179897060;1214165322;1214165308;
179897060;1214165308;1214165232;
179897060;1214165232;1214165352;
179897060;1214165352;4677584508;
179897060;4677584508;1214165415;
179897060;1214165415;1214165225;
179897060;1214165225;1214165333;
179897060;1214165333;1731171228;
179897060;1731171228;1214165288;
179897060;1214165288;1214165181;
179897060;1214165181;1214165443;
179897060;1214165443;1214165421;
179897060;1214165421;1214165430;
179897060;1214165430;1214165500;
179897060;1214165500;1731171165;
179897060;1731171165;1731171142;
181594766;1650812927;4492973977;
181594766;4492973977;4492973976;
181594766;4492973976;444058606;
204624756;1903099870;2146183603;
204624756;2146183603;2146183602;
204624756;2146183602;428672181;
204624756;428672181;1316573624;
204624756;1316573624;4695891158;
204624756;4695891158;1316573628;
204624756;1316573628;4695891157;
204624756;4695891157;4695891159;
204624756;4695891159;1316573629;
204624756;1316573629;4695891160;
204624756;4695891160;4695891161;
204624756;4695891161;1316573627;
204624756;1316573627;1316573623;
204624756;1316573623;1316573626;
204624758;444058665;428672173;
204624758;428672173;428672172;
204624758;428672172;444058641;
204624758;444058641;1731171397;
206665039;444058635;444058650;
206665039;444058650;444058636;
206665039;444058636;4703709813;
206665039;4703709813;4703709812;
206665039;4703709812;4703709811;
206665039;4703709811;444058638;
206665039;444058638;4703709810;
206665039;4703709810;444058639;
206665039;444058639;4703707588;
206665039;4703707588;4703709789;
206665039;4703709789;444058640;
206665039;444058640;444058657;
206665039;444058657;1903116252;
206665039;1903116252;1903116254;
206665039;1903116254;4751802958;
206665039;4751802958;4751802962;
206665039;4751802962;1903116255;
206665039;1903116255;4751802960;
206665039;4751802960;4751802959;
206665039;4751802959;4751802961;
206665039;4751802961;1903116251;
206665039;1903116251;1650812930;
206665039;1650812930;1650812933;
206665039;1650812933;3573222461;
206665039;3573222461;3573222462;
206665039;3573222462;1650812936;
206665039;1650812936;1650812942;
206665039;1650812942;3556425406;
206665039;3556425406;3556425403;
206665039;3556425403;1214165196;
206665039;1214165196;1214165467;
206665039;1214165467;1214165300;
206665039;1214165300;1214165375;
206665039;1214165375;1214165240;
206665039;1214165240;1214165459;
206665039;1214165459;1214165444;
206665039;1214165444;1214165401;
206665039;1214165401;1214165293;
206665039;1214165293;4695891227;
206665039;4695891227;1214165418;
206665039;1214165418;1214165447;
206665039;1214165447;4695891228;
206665039;4695891228;1214165473;
206665039;1214165473;4695891229;
206665039;4695891229;1214165296;
206665039;1214165296;4695891230;
206665039;4695891230;1214165313;
206665039;1214165313;4703734803;
206665039;4703734803;1214165468;
206665039;1214165468;4703734802;
206665039;4703734802;3573222456;
206665039;3573222456;1214165323;
206665039;1214165323;1214165301;
206665039;1214165301;1903116250;
206665039;1903116250;1903116253;
206665039;1903116253;1214165448;
206665039;1214165448;1214165305;
206665039;1214165305;1214165340;
206665039;1214165340;1214165209;
206665039;1214165209;1214165453;
206665039;1214165453;1214165212;
206665039;1214165212;1214165233;
206665039;1214165233;1214165503;
206665039;1214165503;1214165499;
210673562;1103464865;4492974839;
210673562;4492974839;4422205989;
210673562;4422205989;4492974840;
210673562;4492974840;269566454;
210673562;269566454;4492974711;
210673562;4492974711;1696370795;
210673562;1696370795;444041624;
210673562;444041624;4492974841;
210673562;4492974841;4492974842;
210673562;4492974842;269567421;
210673562;269567421;4422206019;
210673562;4422206019;4492974713;
210673562;4492974713;269567423;
210673562;269567423;4492974843;
210673562;4492974843;445028185;
210673562;445028185;1920047167;
210673562;1920047167;1728071462;
210673562;1728071462;4492974844;
210673562;4492974844;269567425;
210673562;269567425;4492974845;
210673562;4492974845;4420934368;
210673562;4420934368;444041608;
210673562;444041608;4492974846;
210673562;4492974846;4492974847;
210673562;4492974847;269567427;
210673562;269567427;4492974848;
210673562;4492974848;269567429;
210673562;269567429;4408373553;
210673562;4408373553;269567431;
210673562;269567431;269567433;
210673562;269567433;4562008815;
210673562;4562008815;269567434;
210673562;269567434;4492974825;
210673562;4492974825;269567435;
210673562;269567435;4492974850;
210673562;4492974850;4492974849;
210673562;4492974849;3122349593;
210673562;3122349593;4492974851;
210673562;4492974851;1650259148;
210673562;1650259148;4492974853;
210673562;4492974853;269567436;
210673562;269567436;4492974852;
210673562;4492974852;4412468323;
210673562;4412468323;269567437;
210673562;269567437;4492974856;
210673562;4492974856;1731171307;
210673562;1731171307;1731171325;
210673562;1731171325;4492974857;
210673562;4492974857;4496229648;
210673562;4496229648;4496229649;
210673562;4496229649;444058614;
210673562;444058614;4492974858;
210673562;4492974858;4492974859;
210673562;4492974859;269567438;
210673562;269567438;444058615;
210673562;444058615;1647949083;
210673562;1647949083;4492974860;
210673562;4492974860;269567439;
210673562;269567439;269567440;
210673562;269567440;444058750;
210673562;444058750;4492974861;
210673562;4492974861;1728072334;
210673562;1728072334;4492974862;
210673562;4492974862;4492974823;
210673562;4492974823;269567441;
210673562;269567441;444058742;
210673562;444058742;269567443;
210673562;269567443;4492974822;
210673562;4492974822;4492974863;
210673562;4492974863;269567444;
210673562;269567444;1647949110;
210673562;1647949110;269567445;
210673562;269567445;4422206024;
210673562;4422206024;1738392403;
210673562;1738392403;4422206025;
210673562;4422206025;1738392435;
210673562;1738392435;1651648727;
210673562;1651648727;1651648715;
210673562;1651648715;269567447;
210673562;269567447;428672191;
210673562;428672191;4422206026;
210673562;4422206026;4413322399;
210673562;4413322399;1696378885;
210674289;445032808;1724256517;
210674289;1724256517;445032807;
210674289;445032807;3493882604;
210674289;3493882604;4493046077;
210674289;4493046077;433469145;
210674289;433469145;1724256529;
210674289;1724256529;445032806;
210674289;445032806;1724256531;
210674289;1724256531;445032805;
210674289;445032805;4494941200;
210674289;4494941200;445032800;
210674289;445032800;445032804;
210674289;445032804;4412468461;
210674289;4412468461;445032803;
210674289;445032803;3493882605;
210674289;3493882605;445032802;
210674289;445032802;1724256524;
210674289;1724256524;4493046072;
210674289;4493046072;3493882603;
210674289;3493882603;445032799;
210674289;445032799;1724256516;
210674289;1724256516;445032808;
210674292;1724256516;2207556272;
210674292;2207556272;2207556275;
210674292;2207556275;2207556266;
210674292;2207556266;4412468496;
210674292;4412468496;2207556268;
210674293;1260748530;433469163;
210674293;433469163;4493046006;
210674293;4493046006;4493046055;
210674293;4493046055;433469164;
210674293;433469164;4494941202;
210674293;4494941202;433469165;
210674293;433469165;1719174162;
210674293;1719174162;4493046007;
210674293;4493046007;433469166;
210674293;433469166;4411867388;
210674293;4411867388;436639151;
210674298;2207556268;433469146;
210674298;433469146;4494941510;
210674298;4494941510;436639201;
210674298;436639201;3499996640;
210674298;3499996640;4494941554;
210674298;4494941554;3499996606;
210674298;3499996606;433469147;
210674709;436639184;4493046014;
210674709;4493046014;4493046015;
210674709;4493046015;436639185;
210674709;436639185;4493046016;
210674709;4493046016;4493046017;
210674709;4493046017;4493046018;
210674709;4493046018;436639186;
210674709;436639186;445053680;
210674709;445053680;1234721381;
210674709;1234721381;4415005021;
210674709;4415005021;445053682;
210674709;445053682;4412488914;
210674709;4412488914;445053685;
210674709;445053685;4418972179;
210674709;4418972179;445053687;
210674709;445053687;445053689;
210674709;445053689;445053690;
210674709;445053690;445053691;
210674709;445053691;445053692;
210674709;445053692;4492974790;
210674709;4492974790;445053693;
210674709;445053693;445053694;
210674709;445053694;4492974789;
210674709;4492974789;445053695;
210674709;445053695;4498987753;
210674709;4498987753;445053696;
210674709;445053696;4381481578;
210674709;4381481578;445053697;
210674709;445053697;445053698;
210674709;445053698;4492974788;
210674709;4492974788;445053699;
210674709;445053699;445053700;
210674709;445053700;445053701;
210674709;445053701;445053702;
210674709;445053702;445053703;
210674709;445053703;4492974787;
210674709;4492974787;445053704;
210674709;445053704;445053705;
210674709;445053705;445053706;
210674709;445053706;4492974786;
210674709;4492974786;4492974784;
210674709;4492974784;4496009478;
210674709;4496009478;4496009479;
210674709;4496009479;445053707;
210674709;445053707;445053710;
210674709;445053710;445053711;
210674709;445053711;4496009480;
210674709;4496009480;445053712;
210674709;445053712;445053713;
210674709;445053713;445053715;
210674709;445053715;445053719;
210674709;445053719;445053721;
211339124;433469151;433469152;
211339124;433469152;3230463786;
211339124;3230463786;3230463785;
211339124;3230463785;4492974944;
211339124;4492974944;433469153;
211339124;433469153;4492974945;
211339124;4492974945;433469154;
211339124;433469154;3230463783;
211339124;3230463783;4502872410;
211339124;4502872410;433469155;
211339124;433469155;4494941241;
211339124;4494941241;4494941240;
211339124;4494941240;4494941242;
211339124;4494941242;431947973;
211339124;431947973;431947975;
211339124;431947975;431947977;
211339124;431947977;4494941243;
211339124;4494941243;431947979;
211339124;431947979;431947967;
243849107;2512111426;2512111428;
243849110;2512136943;2512111428;
243849110;2512111428;2512111430;
243849110;2512111430;2512111432;
243852597;4412467940;4410223427;
243852597;4410223427;4405119761;
243852597;4405119761;4405120187;
243852597;4405120187;4492974797;
243852597;4492974797;2512124591;
243855119;436639152;436639188;
243855119;436639188;436639161;
243855119;436639161;4493046049;
243855119;4493046049;436639162;
243855119;436639162;4493046047;
243855119;4493046047;4409672354;
243855119;4409672354;436639198;
243855120;4412467940;2512136943;
243855120;2512136943;2512136937;
243855120;2512136937;4493046031;
243855120;4493046031;4493046030;
243855120;4493046030;3573222488;
243855120;3573222488;4493046032;
243855120;4493046032;4493046035;
243855120;4493046035;2512136934;
243855120;2512136934;4493046034;
243855120;4493046034;4493046033;
243855120;4493046033;3573222489;
243855120;3573222489;4493046026;
243855120;4493046026;2512136915;
307165168;3122349593;3122349594;
307165168;3122349594;3122349595;
307165168;3122349595;4760823269;
307165168;4760823269;4412468339;
307165168;4412468339;3122349596;
307165168;3122349596;3122349597;
307165168;3122349597;3122349598;
307165168;3122349598;444058752;
311272090;433469220;4492974718;
311272090;4492974718;4463691470;
311272090;4463691470;433469278;
311272090;433469278;4463691469;
311272090;4463691469;4541181077;
311272090;4541181077;445028179;
311272090;445028179;445028180;
311272090;445028180;4541181078;
311272090;4541181078;4541181079;
311272090;4541181079;3168698817;
311272090;3168698817;4496229613;
311272090;4496229613;445028181;
311272090;445028181;4496229614;
311272090;4496229614;4463691468;
311272090;4463691468;445028182;
311272090;445028182;4703665401;
311272090;4703665401;4501342448;
311277091;3168773405;3168773415;
311277091;3168773415;4501342447;
311277091;4501342447;4501342443;
311277091;4501342443;4501342446;
311277091;4501342446;4501342444;
311277091;4501342444;4501342445;
311277093;433469241;445028142;
311277093;445028142;445028144;
311277093;445028144;4760823281;
311277093;4760823281;445028145;
311277093;445028145;4760823282;
311277093;4760823282;445028146;
311277093;445028146;445028147;
311277096;433469272;4492974730;
311277096;4492974730;3168773405;
311277096;3168773405;4501342445;
311277096;4501342445;4492974729;
311277096;4492974729;444060348;
311277098;3168773399;433469272;
311277099;4381481500;3168773400;
311277099;3168773400;4496229642;
311277099;4496229642;4496229640;
311277099;4496229640;4496229641;
311277099;4496229641;3168773399;
311277101;3168773399;4492974720;
311277101;4492974720;433469274;
311277101;433469274;3168773390;
311277101;3168773390;433469276;
311277101;433469276;3168773387;
311277101;3168773387;3168773385;
311277101;3168773385;433469220;
311277103;433469239;4493046081;
311277103;4493046081;4418971962;
311277103;4418971962;3168773368;
311277103;3168773368;4418971961;
311277103;4418971961;4493046082;
311277103;4493046082;3168773369;
311277103;3168773369;4493046083;
311277103;4493046083;3168773370;
311277103;3168773370;4493046080;
311277103;4493046080;3168773371;
311277103;3168773371;4493046079;
311277103;4493046079;4493046084;
311277103;4493046084;3168773373;
311277103;3168773373;3168773375;
311277103;3168773375;3168773377;
311277103;3168773377;3168773382;
311277103;3168773382;4492974940;
311277103;4492974940;3168773380;
311277103;3168773380;433469146;
311277105;3168773427;436639178;
311277107;3168773427;3168773425;
311277107;3168773425;4494941233;
311277107;4494941233;3168773421;
311277109;436639178;3168773428;
311277109;3168773428;4381481527;
311277109;4381481527;4381481532;
311277109;4381481532;436639177;
311277109;436639177;4381481550;
311277111;445028148;4440898929;
311277112;3168773372;3168773374;
311277112;3168773374;4492974932;
311277112;4492974932;4493046087;
311277112;4493046087;3168773379;
311277112;3168773379;4493046085;
311277112;4493046085;3168773381;
311277112;3168773381;4493046086;
311277112;4493046086;3168773384;
311277114;436639203;4494978002;
311277114;4494978002;4494978001;
311277114;4494978001;436639204;
311277114;436639204;436639205;
311277114;436639205;4494941512;
311277114;4494941512;4494941511;
311277114;4494941511;436639206;
311277114;436639206;4494978003;
311277114;4494978003;4419358433;
311277114;4419358433;4494941514;
311277114;4494941514;436639207;
311277114;436639207;4494941513;
311277114;4494941513;436639208;
311277114;436639208;436639202;
311277117;433469171;3168773410;
311277117;3168773410;3168773409;
311277117;3168773409;3168773408;
311277117;3168773408;3168773407;
311277117;3168773407;3168773403;
311277117;3168773403;4541171592;
311277117;4541171592;3168773402;
311277121;3168773383;4496229637;
311277121;4496229637;4496229636;
311277121;4496229636;4502785661;
311277121;4502785661;4412467960;
311277121;4412467960;3168773386;
311277121;3168773386;4502785660;
311277121;4502785660;3168773393;
311277121;3168773393;3168773394;
311277121;3168773394;4412467978;
311277121;4412467978;3168773395;
311277121;3168773395;3168773396;
311277121;3168773396;4412467977;
311277121;4412467977;3168773397;
311277121;3168773397;3168773401;
311277121;3168773401;4493046088;
311277121;4493046088;3168773406;
311277121;3168773406;4494941553;
311277121;4494941553;3168773413;
311277121;3168773413;4502785658;
311277121;4502785658;4493046289;
311277121;4493046289;4502785659;
311277121;4502785659;3168773420;
311277123;3168773392;3168773389;
311277125;3168773441;3168773442;
311277126;3168773417;4493045887;
311277126;4493045887;3168773423;
311277128;3168773445;3168773446;
311277129;3168773390;4492974721;
311277129;4492974721;3168773389;
311277131;3168773417;444060356;
311277131;444060356;4493046292;
311277131;4493046292;444060346;
311277133;3168773389;4492974722;
311277133;4492974722;3168773387;
311277139;3168773440;3168773439;
311277139;3168773439;1260748502;
343082985;3499996635;3499996636;
343082985;3499996636;3499996637;
343082985;3499996637;4494966268;
343082985;4494966268;3499996643;
343082985;3499996643;4494966261;
343082985;4494966261;4494966257;
343082985;4494966257;3499996638;
343082985;3499996638;4494966260;
343082985;4494966260;4494966258;
343082985;4494966258;4494966282;
343082985;4494966282;3499996639;
343082985;3499996639;4494966281;
343082985;4494966281;4494966259;
343082985;4494966259;4494966280;
343082985;4494966280;3499996640;
343082986;3499996637;4494966278;
343082986;4494966278;4494966277;
343082986;4494966277;4494966276;
343082986;4494966276;4494966275;
343082986;4494966275;3499996641;
343082986;3499996641;4494966273;
343082986;4494966273;4494966272;
343082986;4494966272;4494966274;
343082986;4494966274;3499996642;
343082986;3499996642;3499996643;
345574068;445028185;3583878569;
345574068;3583878569;4492974715;
345574068;4492974715;4492974714;
345574068;4492974714;4440945964;
345574068;4440945964;4440945958;
345574068;4440945958;4420934337;
345574068;4420934337;4418972106;
345574068;4418972106;1650259143;
345574068;1650259143;445028184;
345574068;445028184;445028183;
345574068;445028183;433469220;
345574068;433469220;4492974717;
345574068;4492974717;433469222;
345574068;433469222;433469225;
345574068;433469225;4496229634;
345574068;4496229634;3168773383;
345574068;3168773383;433469229;
345574068;433469229;4496229635;
345574068;4496229635;433469234;
345574068;433469234;3168773378;
345574068;3168773378;433469236;
345574068;433469236;3168773372;
345574068;3168773372;433469237;
345574068;433469237;433469238;
345574068;433469238;433469239;
345574068;433469239;4412468497;
345574068;4412468497;433469240;
345574068;433469240;4412468498;
345574068;4412468498;433469241;
345574068;433469241;4495897516;
345574068;4495897516;3168698827;
345574068;3168698827;4562008803;
345574068;4562008803;433469243;
345574068;433469243;4562008802;
345574068;4562008802;433469246;
345574068;433469246;4463691459;
345574068;4463691459;433469248;
345574068;433469248;4562008801;
345574068;4562008801;433469250;
345574068;433469250;1207561936;
345574068;1207561936;4562008799;
345574068;4562008799;4562008800;
345574068;4562008800;4463691460;
345574068;4463691460;4562008797;
345574068;4562008797;4562008796;
345574068;4562008796;4562008798;
345574068;4562008798;433469258;
345574068;433469258;4562008795;
345574068;4562008795;433469262;
345574068;433469262;433469264;
345574068;433469264;4418971963;
345574068;4418971963;433469266;
345574068;433469266;4562008794;
345574068;4562008794;433469268;
345574068;433469268;4463691461;
345574068;4463691461;433469270;
345574068;433469270;445028173;
345574068;445028173;4494940764;
345574068;4494940764;4562008793;
345574068;4562008793;445028175;
345574068;445028175;4562008792;
345574068;4562008792;445028176;
345574068;445028176;4463691462;
345574068;4463691462;445028178;
345574068;445028178;433469180;
345574068;433469180;433469208;
345574068;433469208;1389528062;
345574068;1389528062;433469209;
345574068;433469209;433469211;
345574068;433469211;4494940770;
345574068;4494940770;433469213;
345574068;433469213;433469216;
345574068;433469216;433469218;
345574068;433469218;4494940765;
345574068;4494940765;445028226;
349520066;3553678196;3553690906;
349520066;3553690906;444058630;
349521467;3553741635;3553741633;
349521467;3553741633;3553741632;
349521467;3553741632;3553847595;
349521467;3553847595;444058628;
349522335;444058628;3553847593;
349522335;3553847593;3553847392;
349522335;3553847392;445353536;
349522337;445353536;444058632;
349522337;444058632;445353537;
349524750;3553796517;4492973960;
349524750;4492973960;4492973959;
349524750;4492973959;444058611;
349524750;444058611;3553955575;
349524750;3553955575;3553741635;
349524750;3553741635;3553955573;
349524750;3553955573;3553743652;
349524750;3553743652;3553743653;
349524973;3553743653;3553955577;
349524973;3553955577;3553743654;
349527192;3553872993;3553823760;
349527192;3553823760;3553796946;
349527192;3553796946;3553763402;
349527192;3553763402;3553743653;
349529098;444058611;3553796516;
349529099;444058610;3553804038;
349529099;3553804038;3553796517;
349531616;3553823872;428672168;
349531616;428672168;428672169;
349531616;428672169;1731171404;
349531616;1731171404;3573222504;
349531616;3573222504;428672170;
349531621;3553872993;1903099837;
349531621;1903099837;3553796944;
349531621;3553796944;3553796943;
349531621;3553796943;428672166;
349531621;428672166;4614309653;
349531621;4614309653;3553955576;
349531621;3553955576;3553743654;
349531621;3553743654;445353544;
349531621;445353544;3553955586;
349531621;3553955586;428672165;
349531621;428672165;4422206022;
349531621;4422206022;4422206023;
349531621;4422206023;269567445;
349535193;3553741632;3553847597;
349546723;3553955579;3553955589;
349546723;3553955589;3553955590;
349546723;3553955590;3553955580;
349546725;3553743652;3553970500;
349546725;3553970500;3553955581;
349546725;3553955581;3553955580;
349546725;3553955580;3553955583;
349546725;3553955583;3553955582;
349546725;3553955582;3553970499;
349546725;3553970499;3553955584;
349546725;3553955584;3587757190;
349546725;3587757190;3553955578;
349592442;1651479403;3554456874;
349592442;3554456874;4541181060;
349592442;4541181060;4412468344;
349592442;4412468344;4412468314;
349592442;4412468314;4492973980;
349592442;4492973980;4492973978;
349592442;4492973978;3554456867;
349592442;3554456867;1650812927;
349592445;3553717066;1731171357;
349592445;1731171357;3554456873;
349592445;3554456873;1731171355;
349592445;1731171355;444058633;
349592445;444058633;1650812954;
349592445;1650812954;1650812945;
349592445;1650812945;1731171329;
349592445;1731171329;4440887817;
349592445;4440887817;3558598782;
349592447;444058628;3553847594;
349592447;3553847594;3554982013;
349592447;3554982013;3553717066;
349592447;3553717066;444058630;
349592448;1650812881;1650812875;
349592448;1650812875;4502959808;
349592448;4502959808;1650812883;
349592448;1650812883;4502959809;
349592448;4502959809;3558619147;
349592448;3558619147;3558619146;
349592448;3558619146;1650812894;
349592448;1650812894;1650812907;
349592449;3554456870;444058765;
349592449;444058765;444058766;
349592451;444058752;444058754;
349592451;444058754;4478129842;
349592451;4478129842;4478129841;
349592451;4478129841;444058756;
349592451;444058756;444058589;
349592452;444041615;444041660;
349592452;444041660;4492973988;
349592452;4492973988;444041661;
349592452;444041661;4418972129;
349592452;4418972129;444041662;
349592452;444041662;444058582;
349592452;444058582;4541181066;
349592452;4541181066;444058583;
349592452;444058583;444058584;
349592452;444058584;4541181064;
349592452;4541181064;4541181063;
349592452;4541181063;4541181065;
349592452;4541181065;444058585;
349592452;444058585;444058586;
349592452;444058586;4541181062;
349592452;4541181062;444058587;
349592452;444058587;444058588;
349592452;444058588;4492973984;
349592452;4492973984;444058752;
349592454;444058589;444058760;
349592454;444058760;444058762;
349592454;444058762;444058764;
349592454;444058764;3554456870;
349592456;444058744;444058746;
349592456;444058746;4751802966;
349595061;444041653;444041655;
349595061;444041655;4760823268;
349595061;4760823268;444041656;
349595061;444041656;4760823267;
349595061;4760823267;444041657;
349595061;444041657;4760823266;
349595061;4760823266;444041658;
349595061;444041658;4492974689;
349595061;4492974689;444041659;
349595061;444041659;444041615;
349647090;3554982013;3554982014;
349647093;3554982014;3554982015;
349647094;3554982014;3554982017;
349647094;3554982017;3554982016;
349778914;444058634;3555897840;
349778916;3555897841;4703709797;
349778916;4703709797;3555897842;
349778918;3555897842;4703709796;
349778918;4703709796;3555897847;
349778918;3555897847;4703709808;
349778918;4703709808;4703709795;
349778918;4703709795;4703709794;
349778918;4703709794;4703709793;
349778918;4703709793;3555897843;
349778918;3555897843;4703709792;
349778918;4703709792;4703709791;
349778918;4703709791;4703709790;
349778918;4703709790;444058657;
349778920;3555897842;3555897844;
349778920;3555897844;4703709799;
349778920;4703709799;4703709798;
349778920;4703709798;4703709800;
349778920;4703709800;3555897845;
349778920;3555897845;4703709801;
349778920;4703709801;3555897846;
349836900;1731171391;4703707577;
349836900;4703707577;4703707578;
349836900;4703707578;4703707579;
349836900;4703707579;3556275757;
349836901;444058657;444058658;
349836901;444058658;444058659;
349836901;444058659;444058660;
349836901;444058660;444058654;
349836901;444058654;444058661;
349836901;444058661;444058656;
349836901;444058656;3556425391;
349836901;3556425391;444058662;
349836901;444058662;3556275758;
349836901;3556275758;3556275762;
349836901;3556275762;1731171388;
349836901;1731171388;444058663;
349836901;444058663;1731171390;
349836901;1731171390;444058664;
349836901;444058664;444058665;
349836903;428672175;4677600016;
349836903;4677600016;4677600017;
349836903;4677600017;428672174;
349836903;428672174;444058665;
349836905;3556275758;3556275759;
349836906;3556275759;3556275760;
349836907;3556275761;3556275759;
349836908;3556275762;3556275764;
349836908;3556275764;3556275763;
349859379;3556275762;4703707571;
349859379;4703707571;3556425390;
349859380;3556425391;3556425392;
349859382;3556425392;3556425393;
349859382;3556425393;4703707564;
349859382;4703707564;4703707563;
349859382;4703707563;3556425394;
349859382;3556425394;4703707562;
349859382;4703707562;4703707561;
349859382;4703707561;4703707560;
349859382;4703707560;3556425399;
349859382;3556425399;4703707559;
349859382;4703707559;4703707558;
349859382;4703707558;3556425395;
349859382;3556425395;4703707570;
349859382;4703707570;3556425396;
349859382;3556425396;4703707569;
349859382;4703707569;4703707568;
349859382;4703707568;4703707567;
349859382;4703707567;3556425397;
349859382;3556425397;4703707566;
349859382;4703707566;3556425398;
349859382;3556425398;4703707565;
349859382;4703707565;3556425392;
349859383;3556425405;1214165196;
349859384;3556425405;3556425406;
349859385;3556425405;3556425404;
349864150;1316576233;3556462852;
349864151;1316576228;1316576222;
349864151;1316576222;1316576221;
349864151;1316576221;1316576239;
349864151;1316576239;1316576231;
349864151;1316576231;1731171418;
349864151;1731171418;1316576233;
349864152;1316576233;1316576224;
349864152;1316576224;1731171397;
349864153;3556462853;1316576228;
349869360;444058651;444058650;
349869361;3556513351;3556513356;
349869361;3556513356;4703707580;
349869361;4703707580;3556513352;
349869361;3556513352;4703707581;
349869361;4703707581;3556513353;
349869361;3556513353;4703707582;
349869361;4703707582;3556513354;
349869361;3556513354;4703707584;
349869361;4703707584;4703707583;
349869361;4703707583;4703707585;
349869361;4703707585;3556513355;
349869361;3556513355;3556513356;
350112080;1650812927;4541181059;
350112080;4541181059;4492974824;
350112080;4492974824;444058614;
350201861;444058606;4492973972;
350201861;4492973972;444058607;
350201861;444058607;4541181058;
350201861;4541181058;1920067542;
350201861;1920067542;1920067541;
350201861;1920067541;1920067540;
350201861;1920067540;444058610;
350201861;444058610;4492973958;
350201861;4492973958;4492973961;
350201861;4492973961;3553796516;
350201865;444058616;4492973971;
350201865;4492973971;4492973974;
350201865;4492973974;4492973973;
350201865;4492973973;444058606;
350201867;444058617;4492973963;
350201867;4492973963;4492973962;
350201867;4492973962;444058619;
350201867;444058619;444058620;
350201867;444058620;4492973966;
350201867;4492973966;444058621;
350201867;444058621;4492973970;
350201867;4492973970;444058616;
350201869;3553796517;3587772035;
350201869;3587772035;444058617;
350201870;444058616;444058622;
350201870;444058622;1651479419;
350201870;1651479419;444058623;
350201873;444058621;3559508494;
350201873;3559508494;3559508496;
350201873;3559508496;3559508493;
350201874;3559508494;3559508495;
350201875;3559508496;4440863269;
350201875;4440863269;3559508497;
350201876;3559508497;3559508498;
350201876;3559508498;3559508499;
350201876;3559508499;3559508500;
350201877;3559508497;3559508501;
350201877;3559508501;3559508499;
350210750;1650812884;3559605022;
350210750;3559605022;3559605023;
350210750;3559605023;3559605031;
350210750;3559605031;3559605024;
350210750;3559605024;3559605037;
350210750;3559605037;3559605029;
350210750;3559605029;3559605027;
350210750;3559605027;3559605038;
350210750;3559605038;3559605041;
350210750;3559605041;3559605028;
350210752;3559605029;3559605043;
350210752;3559605043;3559605030;
350210756;1650812939;3559605042;
350210756;3559605042;4502959811;
350210756;4502959811;4478129861;
350210756;4478129861;4502959812;
350210756;4502959812;3559605040;
350210757;3559605043;3559605044;
350211563;1731171329;1650812939;
350211563;1650812939;1731171328;
350211563;1731171328;1650812923;
350211563;1650812923;1731171305;
350211563;1731171305;1650812916;
350566855;3559605040;3559605041;
350566857;3559605024;3559605025;
350566857;3559605025;3559605036;
350566857;3559605036;3559605033;
350566857;3559605033;3559605026;
350566857;3559605026;3559605034;
350566857;3559605034;3559605035;
350566857;3559605035;3559605036;
350572792;3559605031;3559605032;
350572792;3559605032;4502959810;
350572792;4502959810;3559605039;
351525695;3573222432;3573222431;
351525695;3573222431;3573222430;
351525695;3573222430;3573222429;
351525695;3573222429;3573222427;
351525695;3573222427;3573222422;
351525695;3573222422;3573222420;
351525695;3573222420;3573222409;
351525695;3573222409;3573222401;
351525695;3573222401;3573222398;
351525695;3573222398;3573222395;
351525695;3573222395;3573222287;
351525695;3573222287;3573222284;
351525695;3573222284;3573222282;
351525695;3573222282;3573222280;
351525695;3573222280;3573222276;
351525698;445053690;445053748;
351525699;3573222507;3573222509;
351525702;2512136912;3573222488;
351525706;445053748;445053689;
351525708;3573222496;3573222495;
351525713;3573222502;3573222504;
351525715;3573222506;3573222508;
351525717;3573222461;3573222468;
351525722;3573222498;3573222494;
351525722;3573222494;444058645;
351525723;3573222505;3573222503;
351525723;3573222503;4415729419;
351525723;4415729419;3573222500;
351525726;3573222462;3573222466;
351525726;3573222466;3573222471;
351525731;444058658;3573222476;
351525731;3573222476;3573222475;
351525733;3573222500;4760823295;
351525733;4760823295;3573222497;
351525733;3573222497;445053687;
351525735;3573222483;4492973940;
351525735;4492973940;3573222487;
351525735;3573222487;444058724;
351525737;1903116255;4751802963;
351525737;4751802963;4751802964;
351525737;4751802964;3573222472;
351525737;3573222472;4751802965;
351525737;4751802965;3573222474;
351525737;3573222474;3573222475;
351525739;3573222501;4405157294;
351525739;4405157294;3573222493;
351525739;3573222493;3573222490;
351525739;3573222490;3573222491;
351525740;1650812885;3573222455;
351525740;3573222455;3573222454;
351525740;3573222454;3573222435;
351525745;3573222492;3573222495;
351525745;3573222495;3573222499;
351525745;3573222499;3573222502;
351525746;444058660;3573222484;
351525746;3573222484;3573222477;
351525746;3573222477;3573222475;
351525765;3573222274;3573222279;
351525765;3573222279;3573222281;
351525765;3573222281;3573222400;
351525765;3573222400;3573222404;
351525765;3573222404;3573222407;
351525770;3573222454;3573222441;
351525770;3573222441;3573222437;
351525770;3573222437;3573222434;
351525770;3573222434;3573222433;
351525770;3573222433;3573222432;
351525778;3573222485;3573222482;
351525778;3573222482;4411559225;
351525778;4411559225;4411559226;
351525778;4411559226;4411559227;
351525778;4411559227;4411559228;
351525778;4411559228;4411559229;
351525778;4411559229;3573222480;
351525778;3573222480;3573222478;
351525778;3573222478;3573222479;
351525778;3573222479;3573222481;
351525778;3573222481;4411559230;
351525778;4411559230;4411559231;
351525778;4411559231;4411559232;
351525778;4411559232;4411559233;
351525778;4411559233;4411559234;
351525778;4411559234;4411559235;
351525778;4411559235;3573222483;
351525778;3573222483;3573222486;
351525778;3573222486;3573222485;
352990384;3553796516;3587772034;
352990384;3587772034;3554456877;
352990384;3554456877;444058744;
367522283;3714381614;3714381616;
367522283;3714381616;3714381619;
367522283;3714381619;1214152740;
367522291;1214152660;3714370617;
367522291;3714370617;3714381668;
367522291;3714381668;26122803;
367522291;26122803;26122802;
367522291;26122802;3714381636;
367522291;3714381636;26122801;
367522291;26122801;3714381622;
367522291;3714381622;26122800;
367522295;1214152929;3714381730;
367522295;3714381730;1214152708;
367522295;1214152708;3714370614;
367522295;3714370614;2083229099;
367522295;2083229099;1214153692;
367522295;1214153692;3714381646;
367522295;3714381646;1214152749;
367522295;1214152749;1214153036;
367522295;1214153036;3714381633;
367522295;3714381633;3714381631;
367522295;3714381631;1214153262;
367522295;1214153262;1214152670;
367522295;1214152670;26122800;
367522298;3714381667;3714381666;
367522298;3714381666;1214153060;
367522298;1214153060;1214153277;
367522298;1214153277;3714381664;
367522298;3714381664;3714381663;
367522298;3714381663;1214153558;
367522298;1214153558;3714381660;
367522298;3714381660;3093345395;
367522298;3093345395;3714381656;
367522298;3714381656;3714381654;
367522298;3714381654;1214153718;
367522298;1214153718;3714381652;
367522298;3714381652;3714381649;
367522298;3714381649;3714381647;
367522298;3714381647;1214153129;
367522298;1214153129;1214153364;
367522298;1214153364;3714381642;
367522298;3714381642;1214153029;
367522298;1214153029;3714381639;
367522298;3714381639;1214153250;
367522298;1214153250;3714381638;
367522298;3714381638;1214152659;
367522298;1214152659;3714381640;
367522298;3714381640;1214152848;
367522298;1214152848;3714381643;
367522298;3714381643;3714381644;
367522298;3714381644;1214153266;
367522298;1214153266;3714381648;
367522298;3714381648;3714381650;
367522298;3714381650;1214153460;
367522298;1214153460;3714381653;
367522298;3714381653;3714381655;
367522298;3714381655;3714381658;
367522298;3714381658;3714381661;
367522298;3714381661;1214152736;
368004686;3556462852;3718688294;
368004686;3718688294;3718688295;
368004686;3718688295;3718688296;
368004686;3718688296;3718688297;
368004686;3718688297;3718688298;
368004686;3718688298;3718688299;
368004686;3718688299;3718688300;
368004686;3718688300;3718688301;
368004686;3718688301;3718688302;
368004686;3718688302;3718688303;
368004686;3718688303;4677600021;
368004686;4677600021;4677600020;
368004686;4677600020;3718688304;
368004686;3718688304;3718688305;
368004686;3718688305;3718688306;
368004686;3718688306;3718688307;
368004686;3718688307;3718688308;
368004686;3718688308;3718688309;
368004686;3718688309;3718688310;
368004686;3718688310;3718688311;
368004686;3718688311;1316579943;
440423405;4381481558;4381481555;
440423405;4381481555;4381481553;
440423405;4381481553;4411559724;
440423405;4411559724;4411559725;
440423405;4411559725;4411559726;
440423405;4411559726;4381481549;
440423405;4381481549;4381481546;
440423405;4381481546;4381481540;
440423405;4381481540;4381481534;
440423405;4381481534;4411559720;
440423405;4411559720;4411559721;
440423405;4411559721;4381481535;
440423405;4381481535;4381481542;
440423405;4381481542;4381481547;
440423405;4381481547;4411559722;
440423405;4411559722;4411559723;
440423405;4411559723;4381481550;
440423405;4381481550;4381481554;
440423405;4381481554;4381481556;
440423405;4381481556;4381481558;
440423406;4381481535;4381481528;
440423406;4381481528;4381481506;
440423406;4381481506;436639178;
440423407;4381481527;4381481531;
440423407;4381481531;4494941211;
440423407;4494941211;4381481533;
440423407;4381481533;4494941210;
440423407;4494941210;4381481539;
440423407;4381481539;4494941209;
440423407;4494941209;4381481544;
440423407;4381481544;4494941208;
440423407;4494941208;4381481543;
440423407;4381481543;4494941207;
440423407;4494941207;4381481538;
440423407;4381481538;4381481532;
440423410;4381481586;4381481585;
440423410;4381481585;4496019223;
440423410;4496019223;4496019224;
440423410;4496019224;4381481584;
440423410;4381481584;4381481583;
440423410;4381481583;4496019222;
440423410;4496019222;4381481582;
440423410;4381481582;1728072577;
440423410;1728072577;4381481580;
440423410;4381481580;4496019225;
440423410;4496019225;4381481579;
440423410;4381481579;4381481581;
440423410;4381481581;1728072568;
440423410;1728072568;4381481577;
440423410;4381481577;4381481574;
440423410;4381481574;4496019227;
440423410;4496019227;4381481576;
440423410;4381481576;4496019226;
440423410;4496019226;4381481575;
440423410;4381481575;4381481573;
440423410;4381481573;4381481578;
440423411;4381481501;4493046290;
440423411;4493046290;4381481502;
440423411;4381481502;4405147991;
440423411;4405147991;4381481503;
440423411;4381481503;4381481505;
442867632;1647909985;4405148041;
442867632;4405148041;4405148042;
442867632;4405148042;4492973945;
442867632;4492973945;4492973946;
442867632;4492973946;4405148043;
442867632;4405148043;4492973949;
442867632;4492973949;4405148044;
442867632;4405148044;4492973948;
442867632;4492973948;4405148045;
442867632;4405148045;4492973947;
442867632;4492973947;4405148046;
443218702;4408373553;4562008816;
443218702;4562008816;4408373554;
443218702;4408373554;4408373555;
443218702;4408373555;4408373556;
443218702;4408373556;4408373558;
443218702;4408373558;4408373557;
443218703;4408373558;4408373559;
443218704;4408373556;4408373560;
443218708;4408373583;4541181068;
443218708;4541181068;4408373584;
443218709;4408373584;4760823274;
443218709;4760823274;4760823273;
443218709;4760823273;4408373585;
443218709;4408373585;4760823272;
443218709;4760823272;4760823271;
443218709;4760823271;4408373586;
443218709;4408373586;4408373587;
443218709;4408373587;4408373584;
443218710;4408373587;4408373588;
443218710;4408373588;4541181069;
443218710;4541181069;4541181070;
443218710;4541181070;4408373589;
443218710;4408373589;4408373590;
443381285;4409672354;4409672355;
443381285;4409672355;4409672356;
443381285;4409672356;4409672357;
443592103;4411479459;4411479460;
443601009;4411559253;4411559254;
443601009;4411559254;4411559255;
443601009;4411559255;4411559256;
443601009;4411559256;4411559257;
443601010;4411559258;4411559259;
443601010;4411559259;4411559257;
443601010;4411559257;4411559260;
443601010;4411559260;4411559261;
443601010;4411559261;4419069887;
443601010;4419069887;4411559262;
443601010;4411559262;4411559263;
443601010;4411559263;4411559264;
443601010;4411559264;4411559265;
443601010;4411559265;4411559266;
443601010;4411559266;4411559267;
443601010;4411559267;4411559268;
443601010;4411559268;4411559269;
443601011;4411559270;4411559271;
443601011;4411559271;4411559272;
443601011;4411559272;4411559273;
443601011;4411559273;4411559274;
443601011;4411559274;4419069891;
443601011;4419069891;4411559275;
443601011;4411559275;4411559276;
443601011;4411559276;4411559277;
443601011;4411559277;4411559269;
443601011;4411559269;4411559278;
443601011;4411559278;4411559279;
443601011;4411559279;4411559280;
443601011;4411559280;4411559281;
443601011;4411559281;4411559282;
443601011;4411559282;4409805458;
443601012;1650259128;4411559283;
443601012;4411559283;4411559284;
443601012;4411559284;4411559285;
443601012;4411559285;4411559286;
443601012;4411559286;4411559287;
443601012;4411559287;4419069885;
443601012;4419069885;4419069886;
443601013;4411559288;4411559689;
443601013;4411559689;4411559690;
443601013;4411559690;4411559691;
443601013;4411559691;4411559692;
443601013;4411559692;4411559693;
443601013;4411559693;4411559694;
443601013;4411559694;4419069884;
443601013;4419069884;4411559695;
443601013;4411559695;4419069878;
443601013;4419069878;4411559696;
443601013;4411559696;4411559697;
443601013;4411559697;4411559698;
443601013;4411559698;4411559699;
443601013;4411559699;4411559700;
443601013;4411559700;4411559701;
443601013;4411559701;4411559702;
443601013;4411559702;4411559284;
443601014;4411559697;4411559703;
443601014;4411559703;4411559704;
443601014;4411559704;4411559705;
443601014;4411559705;4411559706;
443601014;4411559706;4411559707;
443601014;4411559707;4411559708;
443601015;4411559278;4411559709;
443601015;4411559709;4411559710;
443601015;4411559710;4411559711;
443601015;4411559711;4411559286;
443601016;4381481549;4411559712;
443601016;4411559712;4411559713;
443601016;4411559713;4411559714;
443601016;4411559714;4411559715;
443601016;4411559715;4411559716;
443601016;4411559716;4411559717;
443601016;4411559717;4411559718;
443601016;4411559718;4411559719;
443680792;4412388679;4492974746;
443680792;4492974746;4412388680;
443680792;4412388680;4492974747;
443680792;4492974747;4412388681;
443680792;4412388681;4412388682;
443680792;4412388682;4492974748;
443680792;4492974748;4412388683;
443680792;4412388683;4412388684;
443680792;4412388684;4412388685;
443680792;4412388685;4412388686;
443685759;4412467935;4412467936;
443685761;436639162;4493046048;
443685761;4493046048;4412467945;
443685764;3168773384;4412467954;
443685764;4412467954;4502785662;
443685764;4502785662;4412467955;
443685764;4412467955;4502785663;
443685764;4502785663;4496229639;
443685764;4496229639;4412467956;
443685764;4412467956;4496229638;
443685764;4496229638;4412467957;
443685764;4412467957;4412467958;
443685764;4412467958;4502785664;
443685764;4502785664;4412467959;
443685764;4412467959;4502785665;
443685764;4502785665;4412467960;
443685765;4412467955;4412467961;
443685765;4412467961;4412467962;
443685765;4412467962;4412467963;
443685765;4412467963;4412467965;
443685765;4412467965;4412467964;
443685766;4412467965;4412467966;
443685766;4412467966;4412467967;
443685766;4412467967;4412467968;
443685767;4412467969;4412467970;
443685767;4412467970;4412467971;
443685767;4412467971;4412467972;
443685767;4412467972;4412467973;
443685767;4412467973;4412467974;
443685767;4412467974;4412467975;
443685767;4412467975;4412467976;
443685768;4412467978;4412467979;
443685768;4412467979;4412467980;
443685768;4412467980;4412467981;
443685768;4412467981;4412467982;
443685768;4412467982;4412467983;
443685768;4412467983;4412467984;
443685769;4412467986;4412467987;
443685769;4412467987;4412467988;
443685769;4412467988;4412468289;
443685769;4412468289;4412468290;
443685769;4412468290;4412468291;
443685770;4412468306;4412468307;
443685770;4412468307;4412468308;
443685770;4412468308;4412468309;
443685770;4412468309;4412468291;
443685770;4412468291;4412468292;
443685770;4412468292;4412468293;
443685770;4412468293;4412468294;
443685770;4412468294;4412468295;
443685770;4412468295;4412468302;
443685770;4412468302;4412468303;
443685770;4412468303;4412468304;
443685770;4412468304;4412468305;
443685770;4412468305;4412468296;
443685770;4412468296;4412468297;
443685770;4412468297;4412468298;
443685770;4412468298;4412468299;
443685770;4412468299;4412468300;
443685770;4412468300;4412468301;
443685770;4412468301;4412468306;
443685771;4412467988;4412468310;
443685772;4412468311;4412468312;
443685772;4412468312;4412468313;
443685773;4412468314;4492973979;
443685773;4492973979;4412468320;
443685773;4412468320;4412468322;
443685773;4412468322;4412468317;
443685773;4412468317;4412468315;
443685773;4412468315;4412468324;
443685773;4412468324;4412468316;
443685774;4412468317;4412468318;
443685774;4412468318;4412468321;
443685774;4412468321;4412468319;
443685774;4412468319;4412468320;
443685775;4412468321;4412468322;
443685777;4412468324;4412468325;
443685777;4412468325;4412468326;
443685777;4412468326;4412468316;
443685781;4412468339;4412468340;
443685781;4412468340;4412468341;
443685781;4412468341;4412468342;
443685781;4412468342;4412468343;
443685781;4412468343;4541181061;
443685781;4541181061;4412468344;
443685793;445028148;4412468501;
443685793;4412468501;4412468502;
443687912;2207556274;4412488938;
443687912;4412488938;4412488939;
443687912;4412488939;4412488940;
443687912;4412488940;4412488941;
443687913;4412488942;4412488943;
443687913;4412488943;4412488944;
443788323;4411559719;4413310325;
443788323;4413310325;4413310326;
443788323;4413310326;4419069898;
443993035;4405148046;4492973950;
443993035;4492973950;4614309659;
443993035;4614309659;4414948831;
443993035;4414948831;4614309658;
443993035;4614309658;4414948832;
443993035;4414948832;4414948833;
443993035;4414948833;4614309657;
443993035;4614309657;4414948834;
443993035;4414948834;4414948835;
443993035;4414948835;4414948836;
443993035;4414948836;4414948837;
443998093;4415004943;4415004944;
443998093;4415004944;4415004945;
443998093;4415004945;4415004946;
443998093;4415004946;4415004947;
443998093;4415004947;4415004948;
443998093;4415004948;4415004949;
443998093;4415004949;4415004950;
443998093;4415004950;4412467943;
443998111;4415005021;4415005022;
443998111;4415005022;4415005023;
443998111;4415005023;4415005024;
443998111;4415005024;4415005025;
444069176;4415729407;4415729408;
444069176;4415729408;4415729409;
444069176;4415729409;4492974925;
444069176;4492974925;4415729410;
444069176;4415729410;4492974924;
444069176;4492974924;4415729411;
444069176;4415729411;4492974923;
444069176;4492974923;4492974922;
444069176;4492974922;4415729412;
444069176;4415729412;4415729418;
444069176;4415729418;4415729413;
444069176;4415729413;4415729414;
444069176;4415729414;4492974921;
444069176;4492974921;4415729415;
444069176;4415729415;4492974920;
444069176;4492974920;4415729416;
444069176;4415729416;4415729417;
444071350;4415754037;4614309656;
444071350;4614309656;4415754038;
444071350;4415754038;4415754039;
444071354;3230463778;4502872406;
444071354;4502872406;4405120432;
444071354;4405120432;4502872405;
444071354;4502872405;4502840772;
444071354;4502840772;4502840773;
444071354;4502840773;4415754082;
444071354;4415754082;4502840774;
444071354;4502840774;4502840775;
444071354;4502840775;4415754083;
444071354;4415754083;4502840777;
444071354;4502840777;4502840776;
444071354;4502840776;4502852892;
444071354;4502852892;4502852891;
444071354;4502852891;4415754084;
444071354;4415754084;4502840778;
444071354;4502840778;4415754085;
444071354;4415754085;4502845649;
444071354;4502845649;4502852890;
444071354;4502852890;4502845648;
444071354;4502845648;4415754086;
444071354;4415754086;4502852889;
444071354;4502852889;4415754087;
444071354;4415754087;4502845650;
444071354;4502845650;4502845651;
444071354;4502845651;4415754088;
444071354;4415754088;4415754089;
444071354;4415754089;4415754090;
444071354;4415754090;4502785590;
444071354;4502785590;4415754091;
444071354;4415754091;4415754092;
444071354;4415754092;4494941196;
444071354;4494941196;4415754093;
444071354;4415754093;4415754094;
444071354;4415754094;4415754095;
444071354;4415754095;4494941195;
444071354;4494941195;4415754096;
444071354;4415754096;4415754097;
444418468;4418972106;4418972110;
444418468;4418972110;4418972108;
444418468;4418972108;4418972107;
444418473;4418972129;4418972130;
444418473;4418972130;4478129839;
444418473;4478129839;4478129840;
444418473;4478129840;4418972131;
444418473;4418972131;4418972132;
444418480;4418972179;4418972180;
444418480;4418972180;4418972181;
444418480;4418972181;4418972182;
444418480;4418972182;4418972183;
444418481;4418972180;4418972184;
444428269;4419069878;4419069879;
444428269;4419069879;4419069880;
444428269;4419069880;4419069881;
444428269;4419069881;4419069882;
444428269;4419069882;4419069883;
444428269;4419069883;4419069884;
444428270;4419069887;4419069888;
444428270;4419069888;4419069889;
444428270;4419069889;4419069890;
444428270;4419069890;4419069891;
444428271;4411559257;4419069892;
444428271;4419069892;4419069893;
444428271;4419069893;4411559271;
444428272;4419069899;4419069898;
444428272;4419069898;4419069895;
444428272;4419069895;4419069896;
444428272;4419069896;4419069897;
444430443;4419094418;4419094419;
444430443;4419094419;4419094420;
444430443;4419094420;4419094421;
444430443;4419094421;4419094422;
444430443;4419094422;4419094423;
444628431;4420934368;4411518236;
444628431;4411518236;4420934369;
444628431;4420934369;4420934370;
444628431;4420934370;4541181072;
444628431;4541181072;4541181071;
444628431;4541181071;4420934371;
446867801;4440898930;4440898924;
446867801;4440898924;3168773376;
446867801;3168773376;4496229633;
446867801;4496229633;3168773378;
446873298;3168773382;4541181086;
446873298;4541181086;4440945836;
446873298;4440945836;4440945837;
446873298;4440945837;4541181087;
446873298;4541181087;4440945838;
446873298;4440945838;4440945839;
446873298;4440945839;4440945840;
446873318;433469175;436639210;
446873318;436639210;4494941516;
446873318;4494941516;4501342451;
446873318;4501342451;436639217;
446873318;436639217;4412488935;
446873318;4412488935;4492974943;
446873318;4492974943;4440945948;
446873318;4440945948;4492974941;
446873318;4492974941;4496009452;
446873318;4496009452;436639219;
446873318;436639219;436639233;
446873318;436639233;436639220;
446873318;436639220;4493046059;
446873318;4493046059;436639221;
446873321;4440945951;4440945952;
446873321;4440945952;4440945953;
446873322;444060356;4440945954;
446873322;4440945954;4440945955;
446873323;4440945956;4440945957;
446873323;4440945957;4440945954;
449412447;2207556267;2207556274;
449412447;2207556274;445028139;
449412447;445028139;445028140;
449412447;445028140;3168698829;
449412447;3168698829;4492974939;
449412447;4492974939;433469241;
449412448;1650259077;444058666;
449412448;444058666;4492974732;
449412448;4492974732;4492974719;
449412448;4492974719;433469272;
449412449;3230463774;4494941199;
449412449;4494941199;445032800;
450913106;1650812884;1650812881;
450913109;1654560500;4751802944;
450913109;4751802944;1654560454;
450913109;1654560454;1654560339;
450913112;4478129865;1647949151;
450913112;1647949151;445353631;
450913112;445353631;1647949128;
450913112;1647949128;445353634;
450913112;445353634;4614333892;
450913112;4614333892;4614333893;
450913112;4614333893;4614333894;
450913112;4614333894;445353636;
450913112;445353636;4614333895;
450913112;4614333895;1647949116;
450913112;1647949116;4614333896;
450913112;4614333896;1647949114;
450913121;1316573624;428672182;
452508038;444060332;4492973935;
452508038;4492973935;4492973934;
452508038;4492973934;4492973933;
452508038;4492973933;4492973932;
452508038;4492973932;4492973931;
452508044;4492974919;1234721338;
452514338;445053680;4493046020;
452514338;4493046020;4493046021;
452514339;4493046021;4493046022;
452514340;4493046066;4493046067;
452514340;4493046067;4502830428;
452514340;4502830428;4493046068;
452514340;4493046068;4502830427;
452514340;4502830427;4493046069;
452514340;4493046069;4493046070;
452514340;4493046070;4493046071;
452743800;4494873443;4494873444;
452752422;4494941522;436639202;
452752422;436639202;436639203;
452752422;436639203;436639209;
452752424;4494941229;1650259120;
452752425;1647949112;4492974752;
452752425;4492974752;1647949107;
452752425;1647949107;4494941531;
452752425;4494941531;4412388687;
452752425;4412388687;4494941530;
452752425;4494941530;1647949103;
452752425;1647949103;4494941532;
452752425;4494941532;4492974815;
452752425;4492974815;1647949105;
452752426;4494941545;4494941547;
452752426;4494941547;4494941546;
452754647;3499996637;4494966270;
452754647;4494966270;4494966269;
452754647;4494966269;4494966267;
452754647;4494966267;4494966266;
452754647;4494966266;4494966279;
452754647;4494966279;4494966271;
452754647;4494966271;4494966268;
452754648;4494966260;4494966283;
452754648;4494966283;4494966288;
452754648;4494966288;4494966284;
452754648;4494966284;4494966285;
452754648;4494966285;4494966286;
452754648;4494966286;4494966287;
452754648;4494966287;4494966281;
452755459;1260748527;1260748502;
452755459;1260748502;3168773441;
452755459;3168773441;3168773445;
452755459;3168773445;3168773449;
452805199;4492973944;4496019232;
452805199;4496019232;4496019228;
452805199;4496019228;4496019229;
452805199;4496019229;4496019230;
452805199;4496019230;4496019231;
453099763;4498987753;4498987754;
453099763;4498987754;4498987755;
453099763;4498987755;4498987756;
453099763;4498987756;4498987757;
453099763;4498987757;4498987758;
453099763;4498987758;4498987759;
453104674;4499020649;4499020650;
453393322;436639217;4492974942;
453393322;4492974942;436639212;
453393323;1234721228;4499020649;
453393323;4499020649;1234721284;
453393323;1234721284;1234721381;
453582701;1654560210;4502957687;
453582701;4502957687;4502957688;
453582701;4502957688;4502959789;
453582701;4502959789;4502959790;
453582701;4502959790;4502959791;
453582701;4502959791;4502959792;
453582701;4502959792;4502959793;
453582701;4502959793;4502959794;
453582701;4502959794;4502959795;
453582701;4502959795;4502959796;
453582701;4502959796;4502959797;
453582702;1654560442;4502959798;
453582702;4502959798;4502959799;
453582702;4502959799;4502959800;
453582702;4502959800;4502959801;
453582702;4502959801;4502959802;
453582702;4502959802;4502959803;
453582703;1654560533;1654560427;
453582703;1654560427;1654560308;
453582703;1654560308;1654560239;
453582703;1654560239;1654560453;
453582703;1654560453;1654560431;
453582703;1654560431;1654560361;
453582703;1654560361;1654560404;
453582703;1654560404;1654560339;
453582703;1654560339;1654560485;
453582703;1654560485;1654560242;
453582703;1654560242;1654560345;
453582703;1654560345;1654560342;
453582703;1654560342;1654560355;
453582703;1654560355;1654560304;
453582703;1654560304;1654560491;
453582703;1654560491;1654560402;
453582704;3559605039;3563231004;
453582704;3563231004;3559605034;
453582705;3559605040;3559605026;
453582711;3555897846;4502959877;
453582711;4502959877;4502959878;
453582711;4502959878;4502959879;
453582711;4502959879;4502959880;
453582711;4502959880;4502959881;
453582711;4502959881;4502959882;
453582711;4502959882;4502959883;
453582711;4502959883;4502959884;
453582711;4502959884;4502959885;
453582711;4502959885;4502959886;
453582712;3555897840;4502959887;
453582712;4502959887;4502959888;
453582712;4502959888;4502959889;
453582712;4502959889;4502959890;
453606470;4412467953;4412467952;
453606470;4412467952;4412467951;
453606470;4412467951;4412467950;
453606470;4412467950;4412467949;
453606470;4412467949;4503189156;
453606471;4503189156;436639172;
453611782;1650259125;4492974733;
453611782;4492974733;1650259067;
453611782;1650259067;4492974738;
453611782;4492974738;1650259102;
453611782;1650259102;4492974737;
453611782;4492974737;1650259124;
453611782;1650259124;1650259115;
453611782;1650259115;1650259089;
453611782;1650259089;4492974736;
453611782;4492974736;1650259163;
453611782;1650259163;1650259075;
453611782;1650259075;4492974735;
453611782;4492974735;1650259040;
453611783;1650259079;1650259125;
458073294;4501342451;4541170588;
458073294;4541170588;4541171589;
458073294;4541171589;4541171590;
458073294;4541171590;4541171591;
458073295;3573222465;4541171594;
458073295;4541171594;4541171595;
458073295;4541171595;4541171596;
458073295;4541171596;1650259063;
458073296;3573222465;4541171597;
458073296;4541171597;4541171598;
458073296;4541171598;4541171599;
458073296;4541171599;4541171600;
458073296;4541171600;4541171601;
458073297;4492974802;4541171603;
458073297;4541171603;4541171602;
458073297;4541171602;4541171593;
458073297;4541171593;4541171604;
458073297;4541171604;3573222465;
458073298;444058676;4541171605;
458073298;4541171605;4541171616;
458073298;4541171616;4541171606;
458073298;4541171606;4541171607;
458073298;4541171607;4541171614;
458073298;4541171614;4541171608;
458073298;4541171608;4541171615;
458073298;4541171615;4541171609;
458073298;4541171609;4541171619;
458073300;4541171610;4541171611;
458073300;4541171611;4541171618;
458073300;4541171618;4541171617;
458073300;4541171617;4541171612;
458073300;4541171612;4541171613;
458073300;4541171613;444058676;
458073301;4541171610;4541171620;
458073301;4541171620;444058677;
458073301;444058677;4493046301;
458073301;4493046301;4493046302;
458073301;4493046302;4492974741;
458073301;4492974741;4493046303;
458073301;4493046303;444058678;
458073301;444058678;4492974742;
458073301;4492974742;4493046304;
458073301;4493046304;4492974743;
458073301;4492974743;444060328;
458073301;444060328;444058679;
458073301;444058679;444058680;
458073301;444058680;4492974873;
458073301;4492974873;4494941529;
458073301;4494941529;444058681;
458073301;444058681;4494941527;
458073301;4494941527;4492974872;
458073301;4492974872;4494941528;
458073301;4494941528;444058682;
458073301;444058682;444058683;
458073301;444058683;4494873443;
458073301;4494873443;1650259120;
458073301;1650259120;444058684;
458073301;444058684;444058685;
458073301;444058685;4492974871;
458073301;4492974871;1647909982;
458073301;1647909982;1647909983;
458073301;1647909983;4492973944;
458073301;4492973944;4492973943;
458073301;4492973943;1647909984;
458073303;1647949084;4493046307;
458073303;4493046307;1647949085;
458073303;1647949085;4493046306;
458073303;4493046306;1647949087;
458073303;1647949087;4493046305;
458073303;4493046305;444058710;
458073304;1647949082;4493046309;
458073304;4493046309;4493046308;
458073304;4493046308;4493046310;
458073304;4493046310;1647949084;
460568712;4562008816;4562008817;
460568712;4562008817;4562008818;
466687259;445353651;4614309318;
466687259;4614309318;4614309319;
466687553;4614309653;4614309654;
466687553;4614309654;4614309655;
473693527;4677584436;4677584437;
473693527;4677584437;4677584438;
473693527;4677584438;4677584439;
473693527;4677584439;4677584440;
473693527;4677584440;4677584441;
473693527;4677584441;4677584442;
473693527;4677584442;4677584443;
473693527;4677584443;4677584444;
473693527;4677584444;4677584445;
473693527;4677584445;4677584446;
473693527;4677584446;4677584447;
473693527;4677584447;4677584448;
473693527;4677584448;4677584449;
473693527;4677584449;4677584450;
473693527;4677584450;4677584451;
473693527;4677584451;4677584452;
473693527;4677584452;4677584453;
473693527;4677584453;4677584454;
473693527;4677584454;4677584455;
473693527;4677584455;4677584456;
473693527;4677584456;4677584457;
473693527;4677584457;4677584458;
473693527;4677584458;4677584459;
473693527;4677584459;4677584460;
473693527;4677584460;4677584461;
473693527;4677584461;4677584462;
473693527;4677584462;4677584463;
473693527;4677584463;4677584464;
473693527;4677584464;4677584465;
473693527;4677584465;4677584466;
473693527;4677584466;4677584467;
473693527;4677584467;4677584468;
473693527;4677584468;4677584469;
473693527;4677584469;4677584470;
473693527;4677584470;4677584471;
473693527;4677584471;4677584472;
475909069;4695891157;4695891164;
475909069;4695891164;4695891165;
475909069;4695891165;4695891166;
475909069;4695891166;4695891167;
475909069;4695891167;4695891168;
475909069;4695891168;4695891169;
475909069;4695891169;4695891170;
475909069;4695891170;4695891171;
476949485;4703707571;4703707572;
476949485;4703707572;4703707573;
476949486;3556425390;4703707574;
476949486;4703707574;4703707575;
476949486;4703707575;4703707576;
476949487;4703709798;4703709802;
476949487;4703709802;4703709806;
476949487;4703709806;4703709803;
476949487;4703709803;4703709804;
476949487;4703709804;4703709805;
476949488;4703709806;4703709807;
476949489;4703709808;4703709809;
476952372;4703734829;4703734830;
476952372;4703734830;4703734831;
476952372;4703734831;4703734832;
476952372;4703734832;4703734833;
476952372;4703734833;1214165387;
482332570;1650812881;4502959807;
482332570;4502959807;4502959806;
482332570;4502959806;444058790;
482332570;444058790;4502959804;
482332570;4502959804;444058789;
482332570;444058789;444058787;
482332570;444058787;444058784;
482332570;444058784;444058782;
482332570;444058782;444058767;
482332570;444058767;1654560266;
482332570;1654560266;444058766;
482332571;444041666;444041670;
482332571;444041670;444041671;
482332571;444041671;444041673;
482332572;1650812925;4751802948;
482332572;4751802948;4751802949;
482332572;4751802949;4751802950;
482332572;4751802950;4751802951;
482332572;4751802951;4751802952;
482332572;4751802952;4751802953;
482332572;4751802953;4751802954;
482332572;4751802954;4751802955;
482332572;4751802955;4751802956;
482332572;4751802956;4751802957;
482332573;4751802966;444058748;
482332573;444058748;1728072331;
482332573;1728072331;4494941539;
482332573;4494941539;4494941538;
482332573;4494941538;444058750;
483324188;433469175;433469174;
483324188;433469174;4494941515;
483324188;4494941515;433469173;
483324188;433469173;3168773398;
483324188;3168773398;4494941520;
483324188;4494941520;3168773404;
483324188;3168773404;4494941521;
483324188;4494941521;433469172;
483324188;433469172;433469171;
483324188;433469171;436639209;
483324188;436639209;4381481504;
483324188;4381481504;4494978000;
483324188;4494978000;433469170;
483324188;433469170;4493046003;
483324188;4493046003;4494941235;
483324188;4494941235;4493046004;
483324188;4493046004;436639169;
483324188;436639169;4492974882;
483324188;4492974882;436639170;
483324188;436639170;4494941523;
483324188;4494941523;4494941524;
483324188;4494941524;3168773429;
483324188;3168773429;4494941525;
483324188;4494941525;436639171;
483324188;436639171;436639172;
483324188;436639172;436639173;
483324188;436639173;436639174;
483324193;4419069899;4493046036;
483324193;4493046036;436639195;
483324193;436639195;2512136901;
483324193;2512136901;4493046023;
483324193;4493046023;2512136921;
483324193;2512136921;4493046024;
483324193;4493046024;2512136915;
483324193;2512136915;4493046025;
483324193;4493046025;2512136919;
483324193;2512136919;2512136912;
483324193;2512136912;2512136914;
483324193;2512136914;4493046027;
483324193;4493046027;4412467943;
483324193;4412467943;4412467941;
483324193;4412467941;4493046028;
483324193;4493046028;4414915750;
483324193;4414915750;4493046029;
483324193;4493046029;4412467940;
483324195;436639198;436639189;
483324195;436639189;4493046040;
483324195;4493046040;436639190;
483324195;436639190;4493046039;
483324195;4493046039;436639191;
483324195;436639191;4493046038;
483324195;4493046038;436639192;
483324195;436639192;4493046037;
483324195;4493046037;436639193;
483324195;436639193;4419069899;
483324200;1647909984;4492973942;
483324200;4492973942;1647909985;
483324200;1647909985;4496019233;
483324207;445053736;4496019210;
483324207;4496019210;445053737;
483324207;445053737;4496019211;
483324207;4496019211;4496019212;
483324207;4496019212;445053740;
483324207;445053740;4496019213;
483324207;4496019213;4414915769;
483324207;4414915769;4496019214;
483324207;4496019214;4496019215;
483324207;4496019215;445053741;
483324207;445053741;4496019216;
483324207;4496019216;445053742;
483324207;445053742;3573222516;
