36869654;1647949154;428672187;
36869654;428672187;3573222509;
36869654;3573222509;428672186;
36869654;428672186;1647949114;
36869654;1647949114;1731171405;
36869654;1731171405;428672168;
37221659;4496229648;4496229647;
37221659;4496229647;4496229646;
37221659;4496229646;4496229645;
37221659;4496229645;4412388801;
37221659;4412388801;444058671;
37221659;444058671;4494941548;
37221659;4494941548;4493046298;
37221659;4493046298;4412388800;
37221659;4412388800;4493046299;
37221659;4493046299;444058670;
37221659;444058670;4496229644;
37221659;4496229644;444058669;
37221659;444058669;4496229643;
37221659;4496229643;4412388799;
37221659;4412388799;444058668;
37221659;444058668;1650259080;
37221659;1650259080;1650259125;
37857900;444058615;4494941546;
37857900;4494941546;4492973975;
37857900;4492973975;444058606;
37857902;444058607;4492973968;
37857902;4492973968;444058624;
37857902;444058624;4492973969;
37857902;4492973969;4492973967;
37857902;4492973967;444058621;
37857903;444058624;4492973965;
37857903;4492973965;4492973964;
37857903;4492973964;444058617;
37857904;444058625;3553955585;
37857904;3553955585;3553955578;
37857904;3553955578;3553741637;
37857904;3553741637;444058627;
37857904;444058627;3553955588;
37857904;3553955588;3553955579;
37857904;3553955579;3553955574;
37857904;3553955574;3553741635;
37857907;3553678196;444058634;
37857914;444058668;444058673;
37857914;444058673;444058674;
37857914;444058674;444058675;
37857914;444058675;4422128049;
37857914;4422128049;4493046300;
37857914;4493046300;4541171619;
37857914;4541171619;4541171610;
37857915;444058684;4412388679;
37857915;4412388679;4412488942;
37857915;4412488942;444058686;
37857916;444058687;4492973955;
37857916;4492973955;445353648;
37857916;445353648;1650427286;
37857916;1650427286;4412388791;
37857916;4412388791;444058690;
37857916;444058690;4412388790;
37857916;4412388790;444058691;
37857916;444058691;4419094418;
37857916;4419094418;3573222506;
37857916;3573222506;1647949105;
37857916;1647949105;4412388686;
37857916;4412388686;4492974749;
37857916;4492974749;444058728;
37857916;444058728;444058686;
37857916;444058686;4492974813;
37857916;4492974813;444058704;
37857916;444058704;4492974812;
37857916;4492974812;444058706;
37857916;444058706;4562008487;
37857916;4562008487;4562008488;
37857916;4562008488;4562008789;
37857916;4562008789;444058710;
37857917;444058680;4492974744;
37857917;4492974744;444058712;
37857918;444058718;444058710;
37857919;444058720;444058724;
37857919;444058724;4412388789;
37857919;4412388789;444058726;
37857919;444058726;4492974810;
37857919;4492974810;4492974809;
37857919;4492974809;4422128037;
37857919;4422128037;4492974808;
37857919;4492974808;4412467935;
37857919;4412467935;4541171610;
37857920;444058728;4492974750;
37857920;4492974750;444058730;
37857921;444058732;444058730;
37857922;444058732;4492974814;
37857922;4492974814;3573222501;
37857922;3573222501;4411479459;
37857922;4411479459;4492973956;
37857922;4492973956;444058742;
37857924;428672165;3553955587;
37857924;3553955587;3553796518;
37857924;3553796518;444058625;
37857924;444058625;4492973957;
37857924;4492973957;444058744;
37857971;444060328;4492974874;
37857971;4492974874;4492974875;
37857971;4492974875;444060329;
37857971;444060329;3499996603;
37857971;3499996603;444060331;
37917560;445053693;4492974791;
37917560;4492974791;445053725;
37917560;445053725;445053726;
37917560;445053726;445053727;
37918100;4411559245;4411559246;
37918100;4411559246;4411559247;
37918100;4411559247;444058720;
37918100;444058720;4541171621;
37918100;4541171621;445061042;
37918100;445061042;4411559236;
37918100;4411559236;4411559237;
37918100;4411559237;4411559238;
37918100;4411559238;444058718;
37918100;444058718;1731171358;
37918100;1731171358;445061057;
37918100;445061057;444058716;
37918100;444058716;4411559239;
37918100;4411559239;4411559240;
37918100;4411559240;4411559241;
37918100;4411559241;4411559242;
37918100;4411559242;4411559243;
37918100;4411559243;4411559244;
37918100;4411559244;444058712;
37918100;444058712;445061052;
37918100;445061052;4411559245;
37918101;4412388688;445061067;
37918101;445061067;4422128036;
37918101;4422128036;445061071;
37918101;445061071;445061073;
37918101;445061073;445061076;
37918101;445061076;4493046312;
37918101;4493046312;445061077;
37918101;445061077;4493046311;
37918101;4493046311;445061081;
37918101;445061081;4422128045;
37918101;4422128045;445061082;
37918101;445061082;4412467936;
37918101;4412467936;445061085;
37931989;428672169;445353619;
37931989;445353619;445353621;
37931989;445353621;4614333891;
37931989;4614333891;4614333890;
37931989;4614333890;1710256539;
37931989;1710256539;1710256541;
37931989;1710256541;1710256532;
37931994;445353645;445353646;
37931994;445353646;445353647;
37931994;445353647;3553847596;
37931994;3553847596;444058628;
105400549;3553872993;3553778914;
105400549;3553778914;445353536;
151953132;1647949082;4541171623;
151953132;4541171623;4541171622;
151953132;4541171622;4541171627;
151953132;4541171627;1728072258;
151953132;1728072258;4541171628;
151953132;4541171628;4494941540;
151953132;4494941540;4541171624;
151953132;4541171624;4494941541;
151953132;4494941541;4541171625;
151953132;4541171625;269567438;
151953134;4412388789;4412388688;
151953134;4412388688;1647949084;
151953144;1647949083;4494941544;
151953144;4494941544;4494941543;
151953144;4494941543;4541171626;
151953144;4541171626;4494941542;
151953144;4494941542;1647949082;
152189721;1650259140;4492974796;
152189721;4492974796;1650259113;
152189722;444058676;4541171601;
152189722;4541171601;1650259063;
152189722;1650259063;4492974802;
152189722;4492974802;1650259165;
152189722;1650259165;444060331;
152189722;444060331;4492974801;
152189722;4492974801;444060332;
152189722;444060332;1650259070;
152189722;1650259070;3499996594;
152189722;3499996594;4492974800;
152189722;4492974800;1650259106;
152189723;1650259102;1650259156;
152189723;1650259156;4492974739;
152189723;4492974739;4492974740;
152189723;4492974740;1650259122;
152189723;1650259122;3573222465;
152189724;1650259070;1650259044;
152189724;1650259044;1650259159;
152189728;1650259112;3499996597;
152189728;3499996597;3499996596;
152189728;3499996596;2512124591;
152189728;2512124591;3499996595;
152189728;3499996595;4492974798;
152189728;4492974798;4494941228;
152189728;4494941228;4492974799;
152189728;4492974799;1650259058;
152189729;1650259158;3499996598;
152189729;3499996598;3499996599;
152189729;3499996599;4494941229;
152189733;1650259146;1650259096;
152189733;1650259096;1650259121;
152189733;1650259121;1650259133;
152189733;1650259133;3499996602;
152189733;3499996602;1650259112;
152189733;1650259112;1650259104;
152189733;1650259104;1650259074;
152189733;1650259074;1650259116;
152189733;1650259116;1650259043;
152189733;1650259043;3499996600;
152189733;3499996600;1650259158;
152189733;1650259158;1650259134;
152189733;1650259134;1650259151;
152189733;1650259151;1650259114;
152189733;1650259114;1650259138;
152189733;1650259138;1650259083;
152189733;1650259083;1650259087;
152189733;1650259087;3499996601;
152189733;3499996601;1650259113;
152189733;1650259113;1650259146;
152255021;1650812905;1731171300;
152255021;1731171300;4492973981;
152255021;4492973981;1650812927;
152321089;1651479413;1651479409;
152321089;1651479409;1651479419;
152342249;444058732;4492974751;
152342249;4492974751;1647949108;
152342249;1647949108;444058734;
152342251;444058730;269567441;
160766810;1728072512;1728072520;
160766810;1728072520;1728072523;
160766810;1728072523;130213684;
160766810;130213684;1728072525;
160766810;1728072525;1728072529;
160766810;1728072529;1728072534;
160766810;1728072534;1728072539;
160766810;1728072539;1728072543;
160766810;1728072543;1728072568;
161124137;1731171357;3553705575;
161124137;3553705575;1731171361;
161124137;1731171361;444058630;
161124171;1731171379;3553678456;
161124171;3553678456;1731171367;
161124171;1731171367;1731171364;
161124240;1731171325;1731171324;
161124240;1731171324;1654268289;
161124240;1654268289;1731171309;
161124240;1731171309;1731171307;
161124263;444058632;3553955591;
161124263;3553955591;1731171384;
161124263;1731171384;3553676217;
161124263;3553676217;3553669075;
161124263;3553669075;3553627543;
161124263;3553627543;1731171379;
161124263;1731171379;3553678196;
161124273;1731171338;1731171340;
161124273;1731171340;1731171339;
161124273;1731171339;3554456872;
161124273;3554456872;1731171333;
161124273;1731171333;1731171332;
161124273;1731171332;1650812945;
161124278;3553872993;3553796945;
161124278;3553796945;3553823873;
161124278;3553823873;3553823872;
181594766;1650812927;4492973977;
181594766;4492973977;4492973976;
181594766;4492973976;444058606;
210673562;1103464865;4492974839;
210673562;4492974839;4422205989;
210673562;4422205989;4492974840;
210673562;4492974840;269566454;
210673562;269566454;4492974711;
210673562;4492974711;1696370795;
210673562;1696370795;444041624;
210673562;444041624;4492974841;
210673562;4492974841;4492974842;
210673562;4492974842;269567421;
210673562;269567421;4422206019;
210673562;4422206019;4492974713;
210673562;4492974713;269567423;
210673562;269567423;4492974843;
210673562;4492974843;445028185;
210673562;445028185;1920047167;
210673562;1920047167;1728071462;
210673562;1728071462;4492974844;
210673562;4492974844;269567425;
210673562;269567425;4492974845;
210673562;4492974845;4420934368;
210673562;4420934368;444041608;
210673562;444041608;4492974846;
210673562;4492974846;4492974847;
210673562;4492974847;269567427;
210673562;269567427;4492974848;
210673562;4492974848;269567429;
210673562;269567429;4408373553;
210673562;4408373553;269567431;
210673562;269567431;269567433;
210673562;269567433;4562008815;
210673562;4562008815;269567434;
210673562;269567434;4492974825;
210673562;4492974825;269567435;
210673562;269567435;4492974850;
210673562;4492974850;4492974849;
210673562;4492974849;3122349593;
210673562;3122349593;4492974851;
210673562;4492974851;1650259148;
210673562;1650259148;4492974853;
210673562;4492974853;269567436;
210673562;269567436;4492974852;
210673562;4492974852;4412468323;
210673562;4412468323;269567437;
210673562;269567437;4492974856;
210673562;4492974856;1731171307;
210673562;1731171307;1731171325;
210673562;1731171325;4492974857;
210673562;4492974857;4496229648;
210673562;4496229648;4496229649;
210673562;4496229649;444058614;
210673562;444058614;4492974858;
210673562;4492974858;4492974859;
210673562;4492974859;269567438;
210673562;269567438;444058615;
210673562;444058615;1647949083;
210673562;1647949083;4492974860;
210673562;4492974860;269567439;
210673562;269567439;269567440;
210673562;269567440;444058750;
210673562;444058750;4492974861;
210673562;4492974861;1728072334;
210673562;1728072334;4492974862;
210673562;4492974862;4492974823;
210673562;4492974823;269567441;
210673562;269567441;444058742;
210673562;444058742;269567443;
210673562;269567443;4492974822;
210673562;4492974822;4492974863;
210673562;4492974863;269567444;
210673562;269567444;1647949110;
210673562;1647949110;269567445;
210673562;269567445;4422206024;
210673562;4422206024;1738392403;
210673562;1738392403;4422206025;
210673562;4422206025;1738392435;
210673562;1738392435;1651648727;
210673562;1651648727;1651648715;
210673562;1651648715;269567447;
210673562;269567447;428672191;
210673562;428672191;4422206026;
210673562;4422206026;4413322399;
210673562;4413322399;1696378885;
210674709;436639184;4493046014;
210674709;4493046014;4493046015;
210674709;4493046015;436639185;
210674709;436639185;4493046016;
210674709;4493046016;4493046017;
210674709;4493046017;4493046018;
210674709;4493046018;436639186;
210674709;436639186;445053680;
210674709;445053680;1234721381;
210674709;1234721381;4415005021;
210674709;4415005021;445053682;
210674709;445053682;4412488914;
210674709;4412488914;445053685;
210674709;445053685;4418972179;
210674709;4418972179;445053687;
210674709;445053687;445053689;
210674709;445053689;445053690;
210674709;445053690;445053691;
210674709;445053691;445053692;
210674709;445053692;4492974790;
210674709;4492974790;445053693;
210674709;445053693;445053694;
210674709;445053694;4492974789;
210674709;4492974789;445053695;
210674709;445053695;4498987753;
210674709;4498987753;445053696;
210674709;445053696;4381481578;
210674709;4381481578;445053697;
210674709;445053697;445053698;
210674709;445053698;4492974788;
210674709;4492974788;445053699;
210674709;445053699;445053700;
210674709;445053700;445053701;
210674709;445053701;445053702;
210674709;445053702;445053703;
210674709;445053703;4492974787;
210674709;4492974787;445053704;
210674709;445053704;445053705;
210674709;445053705;445053706;
210674709;445053706;4492974786;
210674709;4492974786;4492974784;
210674709;4492974784;4496009478;
210674709;4496009478;4496009479;
210674709;4496009479;445053707;
210674709;445053707;445053710;
210674709;445053710;445053711;
210674709;445053711;4496009480;
210674709;4496009480;445053712;
210674709;445053712;445053713;
210674709;445053713;445053715;
210674709;445053715;445053719;
210674709;445053719;445053721;
349520066;3553678196;3553690906;
349520066;3553690906;444058630;
349521467;3553741635;3553741633;
349521467;3553741633;3553741632;
349521467;3553741632;3553847595;
349521467;3553847595;444058628;
349522335;444058628;3553847593;
349522335;3553847593;3553847392;
349522335;3553847392;445353536;
349522337;445353536;444058632;
349522337;444058632;445353537;
349524750;3553796517;4492973960;
349524750;4492973960;4492973959;
349524750;4492973959;444058611;
349524750;444058611;3553955575;
349524750;3553955575;3553741635;
349524750;3553741635;3553955573;
349524750;3553955573;3553743652;
349524750;3553743652;3553743653;
349524973;3553743653;3553955577;
349524973;3553955577;3553743654;
349527192;3553872993;3553823760;
349527192;3553823760;3553796946;
349527192;3553796946;3553763402;
349527192;3553763402;3553743653;
349529098;444058611;3553796516;
349529099;444058610;3553804038;
349529099;3553804038;3553796517;
349531616;3553823872;428672168;
349531616;428672168;428672169;
349531616;428672169;1731171404;
349531616;1731171404;3573222504;
349531616;3573222504;428672170;
349531621;3553872993;1903099837;
349531621;1903099837;3553796944;
349531621;3553796944;3553796943;
349531621;3553796943;428672166;
349531621;428672166;4614309653;
349531621;4614309653;3553955576;
349531621;3553955576;3553743654;
349531621;3553743654;445353544;
349531621;445353544;3553955586;
349531621;3553955586;428672165;
349531621;428672165;4422206022;
349531621;4422206022;4422206023;
349531621;4422206023;269567445;
349535193;3553741632;3553847597;
349546723;3553955579;3553955589;
349546723;3553955589;3553955590;
349546723;3553955590;3553955580;
349546725;3553743652;3553970500;
349546725;3553970500;3553955581;
349546725;3553955581;3553955580;
349546725;3553955580;3553955583;
349546725;3553955583;3553955582;
349546725;3553955582;3553970499;
349546725;3553970499;3553955584;
349546725;3553955584;3587757190;
349546725;3587757190;3553955578;
349592442;1651479403;3554456874;
349592442;3554456874;4541181060;
349592442;4541181060;4412468344;
349592442;4412468344;4412468314;
349592442;4412468314;4492973980;
349592442;4492973980;4492973978;
349592442;4492973978;3554456867;
349592442;3554456867;1650812927;
349592445;3553717066;1731171357;
349592445;1731171357;3554456873;
349592445;3554456873;1731171355;
349592445;1731171355;444058633;
349592445;444058633;1650812954;
349592445;1650812954;1650812945;
349592445;1650812945;1731171329;
349592445;1731171329;4440887817;
349592445;4440887817;3558598782;
349592447;444058628;3553847594;
349592447;3553847594;3554982013;
349592447;3554982013;3553717066;
349592447;3553717066;444058630;
349592456;444058744;444058746;
349592456;444058746;4751802966;
349647090;3554982013;3554982014;
349647093;3554982014;3554982015;
349647094;3554982014;3554982017;
349647094;3554982017;3554982016;
349778914;444058634;3555897840;
350112080;1650812927;4541181059;
350112080;4541181059;4492974824;
350112080;4492974824;444058614;
350201861;444058606;4492973972;
350201861;4492973972;444058607;
350201861;444058607;4541181058;
350201861;4541181058;1920067542;
350201861;1920067542;1920067541;
350201861;1920067541;1920067540;
350201861;1920067540;444058610;
350201861;444058610;4492973958;
350201861;4492973958;4492973961;
350201861;4492973961;3553796516;
350201865;444058616;4492973971;
350201865;4492973971;4492973974;
350201865;4492973974;4492973973;
350201865;4492973973;444058606;
350201867;444058617;4492973963;
350201867;4492973963;4492973962;
350201867;4492973962;444058619;
350201867;444058619;444058620;
350201867;444058620;4492973966;
350201867;4492973966;444058621;
350201867;444058621;4492973970;
350201867;4492973970;444058616;
350201869;3553796517;3587772035;
350201869;3587772035;444058617;
350201870;444058616;444058622;
350201870;444058622;1651479419;
350201870;1651479419;444058623;
350201873;444058621;3559508494;
350201873;3559508494;3559508496;
350201873;3559508496;3559508493;
350201874;3559508494;3559508495;
350201875;3559508496;4440863269;
350201875;4440863269;3559508497;
350201876;3559508497;3559508498;
350201876;3559508498;3559508499;
350201876;3559508499;3559508500;
350201877;3559508497;3559508501;
350201877;3559508501;3559508499;
350210750;1650812884;3559605022;
350210750;3559605022;3559605023;
350210750;3559605023;3559605031;
350210750;3559605031;3559605024;
350210750;3559605024;3559605037;
350210750;3559605037;3559605029;
350210750;3559605029;3559605027;
350210750;3559605027;3559605038;
350210750;3559605038;3559605041;
350210750;3559605041;3559605028;
350210752;3559605029;3559605043;
350210752;3559605043;3559605030;
350210756;1650812939;3559605042;
350210756;3559605042;4502959811;
350210756;4502959811;4478129861;
350210756;4478129861;4502959812;
350210756;4502959812;3559605040;
350210757;3559605043;3559605044;
350211563;1731171329;1650812939;
350211563;1650812939;1731171328;
350211563;1731171328;1650812923;
350211563;1650812923;1731171305;
350211563;1731171305;1650812916;
350566855;3559605040;3559605041;
350566857;3559605024;3559605025;
350566857;3559605025;3559605036;
350566857;3559605036;3559605033;
350566857;3559605033;3559605026;
350566857;3559605026;3559605034;
350566857;3559605034;3559605035;
350566857;3559605035;3559605036;
350572792;3559605031;3559605032;
350572792;3559605032;4502959810;
350572792;4502959810;3559605039;
351525735;3573222483;4492973940;
351525735;4492973940;3573222487;
351525735;3573222487;444058724;
351525739;3573222501;4405157294;
351525739;4405157294;3573222493;
351525739;3573222493;3573222490;
351525739;3573222490;3573222491;
351525778;3573222485;3573222482;
351525778;3573222482;4411559225;
351525778;4411559225;4411559226;
351525778;4411559226;4411559227;
351525778;4411559227;4411559228;
351525778;4411559228;4411559229;
351525778;4411559229;3573222480;
351525778;3573222480;3573222478;
351525778;3573222478;3573222479;
351525778;3573222479;3573222481;
351525778;3573222481;4411559230;
351525778;4411559230;4411559231;
351525778;4411559231;4411559232;
351525778;4411559232;4411559233;
351525778;4411559233;4411559234;
351525778;4411559234;4411559235;
351525778;4411559235;3573222483;
351525778;3573222483;3573222486;
351525778;3573222486;3573222485;
352990384;3553796516;3587772034;
352990384;3587772034;3554456877;
352990384;3554456877;444058744;
443592103;4411479459;4411479460;
443680792;4412388679;4492974746;
443680792;4492974746;4412388680;
443680792;4412388680;4492974747;
443680792;4492974747;4412388681;
443680792;4412388681;4412388682;
443680792;4412388682;4492974748;
443680792;4492974748;4412388683;
443680792;4412388683;4412388684;
443680792;4412388684;4412388685;
443680792;4412388685;4412388686;
443685759;4412467935;4412467936;
443685773;4412468314;4492973979;
443685773;4492973979;4412468320;
443685773;4412468320;4412468322;
443685773;4412468322;4412468317;
443685773;4412468317;4412468315;
443685773;4412468315;4412468324;
443685773;4412468324;4412468316;
443685774;4412468317;4412468318;
443685774;4412468318;4412468321;
443685774;4412468321;4412468319;
443685774;4412468319;4412468320;
443687913;4412488942;4412488943;
443687913;4412488943;4412488944;
443993035;4405148046;4492973950;
443993035;4492973950;4614309659;
443993035;4614309659;4414948831;
443993035;4414948831;4614309658;
443993035;4614309658;4414948832;
443993035;4414948832;4414948833;
443993035;4414948833;4614309657;
443993035;4614309657;4414948834;
443993035;4414948834;4414948835;
443993035;4414948835;4414948836;
443993035;4414948836;4414948837;
452508038;444060332;4492973935;
452508038;4492973935;4492973934;
452508038;4492973934;4492973933;
452508038;4492973933;4492973932;
452508038;4492973932;4492973931;
452743800;4494873443;4494873444;
452752424;4494941229;1650259120;
452752425;1647949112;4492974752;
452752425;4492974752;1647949107;
452752425;1647949107;4494941531;
452752425;4494941531;4412388687;
452752425;4412388687;4494941530;
452752425;4494941530;1647949103;
452752425;1647949103;4494941532;
452752425;4494941532;4492974815;
452752425;4492974815;1647949105;
452752426;4494941545;4494941547;
452752426;4494941547;4494941546;
453582704;3559605039;3563231004;
453582704;3563231004;3559605034;
453582705;3559605040;3559605026;
453582712;3555897840;4502959887;
453582712;4502959887;4502959888;
453582712;4502959888;4502959889;
453582712;4502959889;4502959890;
458073295;3573222465;4541171594;
458073295;4541171594;4541171595;
458073295;4541171595;4541171596;
458073295;4541171596;1650259063;
458073296;3573222465;4541171597;
458073296;4541171597;4541171598;
458073296;4541171598;4541171599;
458073296;4541171599;4541171600;
458073296;4541171600;4541171601;
458073297;4492974802;4541171603;
458073297;4541171603;4541171602;
458073297;4541171602;4541171593;
458073297;4541171593;4541171604;
458073297;4541171604;3573222465;
458073298;444058676;4541171605;
458073298;4541171605;4541171616;
458073298;4541171616;4541171606;
458073298;4541171606;4541171607;
458073298;4541171607;4541171614;
458073298;4541171614;4541171608;
458073298;4541171608;4541171615;
458073298;4541171615;4541171609;
458073298;4541171609;4541171619;
458073300;4541171610;4541171611;
458073300;4541171611;4541171618;
458073300;4541171618;4541171617;
458073300;4541171617;4541171612;
458073300;4541171612;4541171613;
458073300;4541171613;444058676;
458073301;4541171610;4541171620;
458073301;4541171620;444058677;
458073301;444058677;4493046301;
458073301;4493046301;4493046302;
458073301;4493046302;4492974741;
458073301;4492974741;4493046303;
458073301;4493046303;444058678;
458073301;444058678;4492974742;
458073301;4492974742;4493046304;
458073301;4493046304;4492974743;
458073301;4492974743;444060328;
458073301;444060328;444058679;
458073301;444058679;444058680;
458073301;444058680;4492974873;
458073301;4492974873;4494941529;
458073301;4494941529;444058681;
458073301;444058681;4494941527;
458073301;4494941527;4492974872;
458073301;4492974872;4494941528;
458073301;4494941528;444058682;
458073301;444058682;444058683;
458073301;444058683;4494873443;
458073301;4494873443;1650259120;
458073301;1650259120;444058684;
458073301;444058684;444058685;
458073301;444058685;4492974871;
458073301;4492974871;1647909982;
458073301;1647909982;1647909983;
458073301;1647909983;4492973944;
458073301;4492973944;4492973943;
458073301;4492973943;1647909984;
458073303;1647949084;4493046307;
458073303;4493046307;1647949085;
458073303;1647949085;4493046306;
458073303;4493046306;1647949087;
458073303;1647949087;4493046305;
458073303;4493046305;444058710;
458073304;1647949082;4493046309;
458073304;4493046309;4493046308;
458073304;4493046308;4493046310;
458073304;4493046310;1647949084;
466687553;4614309653;4614309654;
466687553;4614309654;4614309655;
482332573;4751802966;444058748;
482332573;444058748;1728072331;
482332573;1728072331;4494941539;
482332573;4494941539;4494941538;
482332573;4494941538;444058750;
