242027517;41.25108;-8.617516;-0.150404;0.7199672
242027520;41.25273;-8.616865;-0.1503927;0.719996
242027521;41.25322;-8.616679;-0.1503894;0.7200045
242027523;41.25371;-8.616625;-0.1503885;0.7200131
242027527;41.25513;-8.616535;-0.1503869;0.7200379
242027528;41.2564;-8.616321;-0.1503832;0.72006
242027530;41.25707;-8.616207;-0.1503812;0.7200717
242027532;41.25758;-8.616186;-0.1503808;0.7200807
251059195;41.25092;-8.617582;-0.1504052;0.7199643
251059196;41.25083;-8.617616;-0.1504058;0.7199628
251059197;41.24845;-8.618868;-0.1504276;0.7199213
251059200;41.24256;-8.622653;-0.1504937;0.7198184
251059201;41.24144;-8.623383;-0.1505064;0.7197989
292258118;41.24808;-8.619526;-0.1504391;0.7199147
292258119;41.24898;-8.61879;-0.1504263;0.7199305
292258122;41.25454;-8.616634;-0.1503886;0.7200275
292258130;41.25473;-8.616858;-0.1503925;0.7200309
292258131;41.25486;-8.616628;-0.1503885;0.7200332
292258132;41.25475;-8.61643;-0.1503851;0.7200312
292258133;41.25475;-8.616126;-0.1503798;0.7200312
292258134;41.25484;-8.61652;-0.1503866;0.7200328
292258135;41.25459;-8.616479;-0.1503859;0.7200284
292258137;41.25462;-8.616835;-0.1503921;0.7200289
292358203;41.2415;-8.621136;-0.1504672;0.7198
292715810;41.24166;-8.621106;-0.1504667;0.7198029
292715837;41.24222;-8.621007;-0.150465;0.7198125
292715859;41.24261;-8.620944;-0.1504639;0.7198194
292715880;41.24281;-8.620878;-0.1504627;0.7198229
292715888;41.24302;-8.620759;-0.1504606;0.7198264
292715889;41.24315;-8.620653;-0.1504588;0.7198288
292715891;41.24424;-8.619494;-0.1504386;0.7198477
292715894;41.24442;-8.619319;-0.1504355;0.7198508
292715897;41.24459;-8.619154;-0.1504326;0.7198539
292715904;41.24478;-8.619028;-0.1504304;0.7198572
292715913;41.24504;-8.618886;-0.1504279;0.7198617
292715916;41.24536;-8.618751;-0.1504256;0.7198673
292715927;41.24564;-8.618642;-0.1504237;0.7198723
292715936;41.24594;-8.618533;-0.1504218;0.7198775
292715940;41.2462;-8.618441;-0.1504202;0.719882
292715951;41.24741;-8.617971;-0.150412;0.7199031
292715974;41.24799;-8.617761;-0.1504083;0.7199132
292715979;41.24812;-8.617759;-0.1504083;0.7199156
292715980;41.24826;-8.617776;-0.1504086;0.7199179
292715981;41.2484;-8.617802;-0.150409;0.7199203
292715983;41.24857;-8.617844;-0.1504097;0.7199234
292715985;41.24884;-8.617918;-0.150411;0.7199281
292715987;41.24911;-8.617966;-0.1504119;0.7199328
292715989;41.24929;-8.617983;-0.1504122;0.7199359
292715990;41.24952;-8.617949;-0.1504116;0.7199399
292715992;41.24976;-8.617906;-0.1504108;0.7199441
292715994;41.25;-8.617856;-0.15041;0.7199484
292715995;41.24796;-8.619457;-0.1504379;0.7199128
292716000;41.24823;-8.620164;-0.1504502;0.7199174
292716004;41.24842;-8.6207;-0.1504596;0.7199208
292716007;41.24846;-8.620864;-0.1504625;0.7199214
292716012;41.24847;-8.621067;-0.150466;0.7199217
292716015;41.24847;-8.621271;-0.1504696;0.7199215
292716018;41.24841;-8.621532;-0.1504741;0.7199206
292716021;41.24823;-8.621881;-0.1504802;0.7199175
292716024;41.2481;-8.622032;-0.1504828;0.7199152
292716027;41.24725;-8.622841;-0.150497;0.7199003
292716035;41.24732;-8.622612;-0.150493;0.7199015
292716036;41.24805;-8.621951;-0.1504814;0.7199144
292716037;41.24821;-8.621764;-0.1504782;0.7199171
292716038;41.24832;-8.621527;-0.150474;0.719919
292716039;41.24838;-8.621291;-0.1504699;0.7199201
292716040;41.24839;-8.621002;-0.1504649;0.7199202
292716041;41.24837;-8.620866;-0.1504625;0.7199199
292716047;41.24832;-8.620655;-0.1504588;0.719919
292716063;41.24723;-8.622737;-0.1504952;0.7199001
292716064;41.2472;-8.622927;-0.1504985;0.7198995
292716065;41.24717;-8.62295;-0.1504989;0.7198989
292716066;41.24713;-8.622954;-0.1504989;0.7198982
292716067;41.24707;-8.622917;-0.1504983;0.7198971
292716077;41.24703;-8.622835;-0.1504969;0.7198965
292716086;41.24703;-8.622788;-0.1504961;0.7198965
292716093;41.24707;-8.622705;-0.1504946;0.7198971
292716103;41.24712;-8.62267;-0.150494;0.719898
292716107;41.24717;-8.622672;-0.150494;0.7198989
292716110;41.24721;-8.622697;-0.1504945;0.7198996
292716112;41.24677;-8.623209;-0.1505034;0.7198918
292716113;41.24651;-8.623475;-0.150508;0.7198874
292716114;41.24628;-8.623742;-0.1505127;0.7198834
292716115;41.24615;-8.623976;-0.1505168;0.7198811
292716116;41.24604;-8.624243;-0.1505214;0.7198793
292716117;41.24596;-8.624506;-0.150526;0.7198778
292716129;41.24586;-8.624573;-0.1505272;0.7198762
292716130;41.24594;-8.624233;-0.1505213;0.7198775
292716131;41.24605;-8.623951;-0.1505163;0.7198793
292716132;41.24619;-8.623672;-0.1505115;0.7198818
292716133;41.24638;-8.62342;-0.1505071;0.7198852
292716134;41.24661;-8.623199;-0.1505032;0.7198891
292716135;41.24685;-8.622995;-0.1504997;0.7198933
292716139;41.24524;-8.629133;-0.1506068;0.7198652
292716146;41.24522;-8.629237;-0.1506086;0.719865
292716169;41.24467;-8.630221;-0.1506258;0.7198552
292716172;41.24462;-8.630169;-0.1506249;0.7198544
292716175;41.24458;-8.630012;-0.1506221;0.7198537
292716179;41.24479;-8.630236;-0.150626;0.7198574
292716184;41.24485;-8.630195;-0.1506253;0.7198583
292716188;41.24488;-8.630128;-0.1506241;0.7198591
292716191;41.24459;-8.630095;-0.1506236;0.7198538
292716193;41.24469;-8.628989;-0.1506043;0.7198555
292716197;41.24469;-8.628881;-0.1506024;0.7198557
292716200;41.2449;-8.628849;-0.1506018;0.7198592
292716203;41.2451;-8.62899;-0.1506043;0.7198628
292716205;41.24507;-8.628916;-0.150603;0.7198623
292716210;41.24496;-8.628839;-0.1506017;0.7198604
292716217;41.24508;-8.628647;-0.1505983;0.7198624
292716222;41.24501;-8.628628;-0.150598;0.7198612
292782969;41.24291;-8.622195;-0.1504857;0.7198246
292782970;41.24279;-8.622198;-0.1504857;0.7198225
292782977;41.24186;-8.622503;-0.1504911;0.7198063
292782982;41.24303;-8.622358;-0.1504885;0.7198268
292963504;41.24089;-8.634048;-0.1506926;0.7197894
292963546;41.24055;-8.632874;-0.1506721;0.7197833
292963555;41.24078;-8.632233;-0.1506609;0.7197873
292963565;41.2411;-8.631503;-0.1506481;0.719793
292963567;41.24122;-8.631277;-0.1506442;0.719795
292963569;41.24132;-8.631124;-0.1506415;0.7197968
292963578;41.24145;-8.630966;-0.1506388;0.7197991
292963579;41.24154;-8.630881;-0.1506373;0.7198007
292963580;41.2417;-8.630735;-0.1506348;0.7198035
292963581;41.24185;-8.630632;-0.1506329;0.719806
292963582;41.24202;-8.630548;-0.1506315;0.719809
292963583;41.24218;-8.630487;-0.1506304;0.7198119
292963585;41.24249;-8.630426;-0.1506294;0.7198172
292963619;41.24441;-8.630113;-0.1506239;0.7198508
292963623;41.2445;-8.63008;-0.1506233;0.7198523
292963629;41.24442;-8.630229;-0.1506259;0.719851
292970130;41.25076;-8.631166;-0.1506423;0.7199616
292970134;41.25187;-8.631444;-0.1506471;0.7199809
292970137;41.2566;-8.6332;-0.1506778;0.7200635
292970152;41.25656;-8.632955;-0.1506735;0.7200628
292970188;41.25634;-8.632996;-0.1506742;0.720059
292970201;41.25635;-8.633318;-0.1506798;0.7200592
292970211;41.25628;-8.633203;-0.1506778;0.720058
292970222;41.25631;-8.63327;-0.150679;0.7200584
292970237;41.25629;-8.633126;-0.1506765;0.720058
292970242;41.25614;-8.633013;-0.1506745;0.7200555
292970250;41.25647;-8.633327;-0.15068;0.7200613
292970263;41.25657;-8.632671;-0.1506685;0.720063
292970276;41.2566;-8.633025;-0.1506747;0.7200635
292970293;41.25661;-8.633099;-0.150676;0.7200637
292970326;41.25612;-8.633095;-0.1506759;0.7200551
292970356;41.25335;-8.63208;-0.1506582;0.7200067
292970401;41.25184;-8.631528;-0.1506486;0.7199805
292970414;41.25129;-8.631371;-0.1506458;0.7199708
292970453;41.25076;-8.631257;-0.1506439;0.7199616
292970528;41.24866;-8.630507;-0.1506308;0.7199249
292970581;41.24742;-8.630057;-0.1506229;0.7199033
292970616;41.24642;-8.629698;-0.1506166;0.7198859
292970636;41.25656;-8.633264;-0.1506789;0.7200628
293054306;41.24771;-8.619006;-0.15043;0.7199084
293054308;41.24762;-8.618823;-0.1504268;0.7199067
293054309;41.24752;-8.618748;-0.1504255;0.719905
293054311;41.24744;-8.618744;-0.1504255;0.7199036
293054312;41.24736;-8.618773;-0.150426;0.7199022
293054314;41.24728;-8.618842;-0.1504272;0.7199008
293054316;41.24723;-8.618954;-0.1504291;0.7198999
293054321;41.24719;-8.619105;-0.1504318;0.7198993
293054325;41.24722;-8.619241;-0.1504341;0.7198998
293054328;41.24728;-8.619347;-0.150436;0.7199009
293054332;41.24735;-8.619418;-0.1504372;0.7199021
293054336;41.24743;-8.619444;-0.1504377;0.7199035
293054340;41.24751;-8.619433;-0.1504375;0.7199049
293054348;41.24768;-8.619374;-0.1504365;0.7199078
293054351;41.24803;-8.619148;-0.1504325;0.719914
293054355;41.24816;-8.619038;-0.1504306;0.7199162
293054358;41.24823;-8.618951;-0.1504291;0.7199175
293054362;41.24827;-8.618876;-0.1504278;0.7199181
293054367;41.24828;-8.618786;-0.1504262;0.7199183
293054373;41.24827;-8.618695;-0.1504246;0.7199181
293054375;41.24825;-8.618585;-0.1504227;0.7199177
293054379;41.2482;-8.618492;-0.1504211;0.7199169
293054382;41.24816;-8.618441;-0.1504202;0.7199162
293054386;41.2481;-8.618413;-0.1504197;0.7199151
293054389;41.24803;-8.6184;-0.1504194;0.719914
293054391;41.24797;-8.618403;-0.1504195;0.7199129
293054392;41.24791;-8.618426;-0.1504199;0.7199119
293054394;41.24784;-8.618474;-0.1504208;0.7199107
293054395;41.24779;-8.618561;-0.1504223;0.7199097
293054397;41.24776;-8.61865;-0.1504238;0.7199092
293054400;41.24781;-8.619014;-0.1504302;0.7199101
293054401;41.24857;-8.618739;-0.1504254;0.7199234
293054403;41.24894;-8.618486;-0.150421;0.7199298
293054404;41.24901;-8.618393;-0.1504193;0.719931
293054406;41.24904;-8.61831;-0.1504179;0.7199316
293054413;41.24905;-8.618221;-0.1504163;0.7199317
293054422;41.24904;-8.618141;-0.1504149;0.7199316
293054427;41.24902;-8.618068;-0.1504137;0.7199312
293054428;41.24897;-8.618003;-0.1504125;0.7199304
293054430;41.24892;-8.617962;-0.1504118;0.7199295
293054481;41.24205;-8.622954;-0.1504989;0.7198097
293561692;41.25669;-8.643876;-0.1508641;0.7200652
293561694;41.2565;-8.643659;-0.1508603;0.7200618
293561696;41.25631;-8.643453;-0.1508567;0.7200585
293561698;41.2561;-8.643233;-0.1508529;0.7200547
293561700;41.25592;-8.643076;-0.1508501;0.7200517
293561703;41.2552;-8.642438;-0.150839;0.7200391
293561705;41.255;-8.642279;-0.1508362;0.7200356
293561707;41.25481;-8.642108;-0.1508332;0.7200323
293561710;41.25461;-8.641926;-0.1508301;0.7200288
293561719;41.25394;-8.641231;-0.1508179;0.7200171
293561723;41.25325;-8.640267;-0.1508011;0.720005
293561726;41.25297;-8.639889;-0.1507945;0.7200002
293561728;41.25282;-8.639685;-0.1507909;0.7199975
293561730;41.2527;-8.639543;-0.1507885;0.7199955
293561732;41.25257;-8.639379;-0.1507856;0.7199931
293561735;41.25245;-8.639256;-0.1507834;0.7199911
293561737;41.25231;-8.639113;-0.150781;0.7199886
293561739;41.25216;-8.63898;-0.1507786;0.7199861
293561741;41.252;-8.638826;-0.150776;0.7199832
293561742;41.25184;-8.638678;-0.1507734;0.7199804
293561743;41.25148;-8.638364;-0.1507679;0.7199742
293561744;41.25123;-8.638141;-0.150764;0.7199698
293561745;41.25109;-8.638022;-0.1507619;0.7199673
293561746;41.25099;-8.637939;-0.1507605;0.7199656
293561747;41.25092;-8.637886;-0.1507595;0.7199644
293561748;41.25077;-8.637805;-0.1507581;0.7199617
293561749;41.25023;-8.637553;-0.1507537;0.7199522
293561750;41.24933;-8.637144;-0.1507466;0.7199367
293561751;41.24884;-8.636921;-0.1507427;0.719928
293561753;41.24853;-8.636776;-0.1507402;0.7199227
293561755;41.24842;-8.636724;-0.1507393;0.7199208
293561756;41.24828;-8.636644;-0.1507379;0.7199184
293561757;41.2482;-8.636579;-0.1507367;0.7199168
293561758;41.24806;-8.636476;-0.1507349;0.7199144
293561759;41.24797;-8.636418;-0.1507339;0.7199128
293561760;41.24785;-8.636338;-0.1507325;0.7199107
293561761;41.24777;-8.636278;-0.1507315;0.7199094
293561762;41.24844;-8.636141;-0.1507291;0.7199212
293561763;41.24825;-8.636187;-0.1507299;0.7199178
293561764;41.2481;-8.636217;-0.1507304;0.7199151
293561765;41.24791;-8.636252;-0.150731;0.7199118
293561766;41.24763;-8.636292;-0.1507317;0.719907
293561767;41.24751;-8.6363;-0.1507319;0.7199048
293561768;41.24741;-8.636318;-0.1507322;0.7199031
293561769;41.24729;-8.636364;-0.150733;0.719901
293561770;41.24717;-8.636395;-0.1507335;0.7198989
293561771;41.24709;-8.636408;-0.1507338;0.7198976
293561772;41.24698;-8.636403;-0.1507337;0.7198956
293561773;41.24689;-8.63636;-0.1507329;0.7198941
293561774;41.24679;-8.636313;-0.1507321;0.7198923
293561775;41.24672;-8.636277;-0.1507315;0.719891
293561776;41.24662;-8.636245;-0.1507309;0.7198893
293561777;41.24654;-8.636245;-0.1507309;0.7198879
293561778;41.24631;-8.636239;-0.1507308;0.7198839
293561780;41.24612;-8.636226;-0.1507306;0.7198806
293561781;41.24557;-8.636151;-0.1507293;0.7198711
293561782;41.24503;-8.63608;-0.150728;0.7198616
293561783;41.24453;-8.636011;-0.1507268;0.7198529
293561784;41.24434;-8.635984;-0.1507264;0.7198496
293561785;41.24415;-8.63594;-0.1507256;0.7198462
293561786;41.24398;-8.635886;-0.1507246;0.7198433
293561788;41.24383;-8.635811;-0.1507233;0.7198406
293561789;41.24369;-8.635727;-0.1507219;0.7198381
293561790;41.24347;-8.63558;-0.1507193;0.7198344
293561791;41.24305;-8.635235;-0.1507133;0.7198269
293561792;41.2426;-8.634853;-0.1507066;0.7198191
293561793;41.24234;-8.634642;-0.1507029;0.7198147
293561794;41.24219;-8.634523;-0.1507009;0.719812
293561795;41.24203;-8.634445;-0.1506995;0.7198092
293561796;41.24183;-8.634372;-0.1506982;0.7198057
293561797;41.24158;-8.634289;-0.1506968;0.7198014
293561798;41.24116;-8.634145;-0.1506943;0.719794
293561804;41.25425;-8.641562;-0.1508237;0.7200225
293561808;41.25444;-8.641004;-0.150814;0.7200257
293561809;41.25459;-8.640157;-0.1507992;0.7200284
293561810;41.25467;-8.639849;-0.1507938;0.7200299
293561812;41.25479;-8.639567;-0.1507889;0.7200319
293561813;41.2549;-8.639349;-0.1507851;0.7200338
293561814;41.25506;-8.639049;-0.1507798;0.7200367
293561815;41.25522;-8.638691;-0.1507736;0.7200395
293561816;41.25539;-8.638369;-0.150768;0.7200424
293561817;41.25544;-8.638211;-0.1507652;0.7200432
293561818;41.25547;-8.638045;-0.1507623;0.7200438
293561819;41.25552;-8.637811;-0.1507582;0.7200447
293561820;41.25558;-8.637471;-0.1507523;0.7200456
293561821;41.25566;-8.637081;-0.1507455;0.7200471
293561822;41.25577;-8.636642;-0.1507379;0.720049
293561823;41.25578;-8.636407;-0.1507337;0.7200493
293561827;41.25626;-8.634186;-0.150695;0.7200575
293561828;41.25637;-8.633615;-0.150685;0.7200596
293561829;41.25637;-8.633433;-0.1506818;0.7200595
295526638;41.24586;-8.638869;-0.1507767;0.719876
295526639;41.24589;-8.638822;-0.1507759;0.7198765
295526644;41.24619;-8.638165;-0.1507644;0.7198819
295526645;41.24622;-8.6381;-0.1507633;0.7198823
295526646;41.24625;-8.638056;-0.1507625;0.719883
295526647;41.24628;-8.638034;-0.1507621;0.7198834
295526648;41.24632;-8.638019;-0.1507619;0.719884
295526649;41.24637;-8.638012;-0.1507618;0.719885
295526651;41.24662;-8.638006;-0.1507616;0.7198893
295526652;41.24676;-8.637984;-0.1507613;0.7198918
295526657;41.24683;-8.637923;-0.1507602;0.719893
295526658;41.24688;-8.637853;-0.150759;0.7198939
295526660;41.24693;-8.637769;-0.1507575;0.7198946
295526661;41.24699;-8.637646;-0.1507554;0.7198958
295526662;41.24703;-8.637574;-0.1507541;0.7198964
295526663;41.24705;-8.637505;-0.1507529;0.7198968
295526664;41.24706;-8.637438;-0.1507517;0.7198969
295526665;41.24705;-8.637354;-0.1507503;0.7198969
295526666;41.24704;-8.637248;-0.1507484;0.7198967
295526667;41.24703;-8.63714;-0.1507465;0.7198964
295526668;41.24704;-8.636997;-0.150744;0.7198966
295526669;41.24706;-8.636857;-0.1507416;0.7198969
295526670;41.24707;-8.636743;-0.1507396;0.7198971
295526671;41.24707;-8.636651;-0.150738;0.7198971
295526672;41.24706;-8.636554;-0.1507363;0.719897
295526673;41.24705;-8.636455;-0.1507346;0.7198969
295526674;41.24705;-8.636416;-0.1507339;0.7198969
295526675;41.24844;-8.638021;-0.1507619;0.7199211
412237906;41.242;-8.623012;-0.1504999;0.7198086
412251687;41.24093;-8.621252;-0.1504692;0.71979
431367944;41.24838;-8.620569;-0.1504573;0.71992
431367945;41.24916;-8.619842;-0.1504446;0.7199337
431367947;41.24835;-8.61957;-0.1504399;0.7199195
431367948;41.24828;-8.61972;-0.1504425;0.7199183
431367953;41.24839;-8.620165;-0.1504503;0.7199202
431367955;41.24846;-8.62038;-0.150454;0.7199214
431367957;41.24901;-8.620585;-0.1504576;0.7199311
431367958;41.24891;-8.620751;-0.1504605;0.7199293
792698494;41.24987;-8.62267;-0.150494;0.719946
792698523;41.24993;-8.619755;-0.1504431;0.7199471
792698525;41.25367;-8.622866;-0.1504974;0.7200124
792698529;41.25167;-8.619325;-0.1504356;0.7199776
792698531;41.25013;-8.621341;-0.1504708;0.7199505
792698536;41.2503;-8.620188;-0.1504507;0.7199535
792698539;41.25393;-8.621403;-0.1504719;0.720017
792698541;41.25177;-8.619379;-0.1504366;0.7199793
792698543;41.25065;-8.619267;-0.1504346;0.7199596
792698545;41.25321;-8.621655;-0.1504763;0.7200043
792698547;41.25401;-8.621209;-0.1504685;0.7200182
792698549;41.25285;-8.620546;-0.1504569;0.7199981
792698552;41.25411;-8.616617;-0.1503883;0.7200201
792698557;41.25055;-8.619483;-0.1504384;0.7199579
792698559;41.25324;-8.621771;-0.1504783;0.7200049
792698562;41.25347;-8.616929;-0.1503938;0.7200089
792698564;41.24973;-8.618198;-0.1504159;0.7199436
792698565;41.25294;-8.620616;-0.1504581;0.7199997
792698569;41.24994;-8.619838;-0.1504446;0.7199472
792698571;41.25369;-8.622587;-0.1504925;0.7200128
792698577;41.25016;-8.619988;-0.1504472;0.7199511
792698579;41.25373;-8.622061;-0.1504834;0.7200134
792698580;41.24773;-8.61947;-0.1504381;0.7199088
792698583;41.24915;-8.620365;-0.1504538;0.7199335
792698585;41.25184;-8.61946;-0.150438;0.7199805
792698587;41.25012;-8.620781;-0.150461;0.7199504
792698589;41.25306;-8.620767;-0.1504608;0.7200018
792698590;41.25405;-8.620996;-0.1504648;0.720019
792698591;41.24807;-8.619246;-0.1504342;0.7199147
792698592;41.24965;-8.620539;-0.1504568;0.7199422
792698593;41.25223;-8.620189;-0.1504507;0.7199873
792698597;41.25327;-8.621825;-0.1504792;0.7200055
792698599;41.25474;-8.617311;-0.1504004;0.7200311
792698601;41.24984;-8.623227;-0.1505037;0.7199456
792698603;41.25301;-8.620654;-0.1504588;0.7200009
792698607;41.25333;-8.621853;-0.1504797;0.7200065
792698609;41.25077;-8.619172;-0.1504329;0.7199617
792698611;41.24986;-8.622954;-0.1504989;0.7199458
792698615;41.25372;-8.621845;-0.1504796;0.7200132
792698616;41.25153;-8.619282;-0.1504349;0.7199749
792698618;41.2502;-8.620476;-0.1504557;0.7199517
792698621;41.2531;-8.620856;-0.1504623;0.7200025
792698625;41.25378;-8.621759;-0.1504781;0.7200143
792698627;41.25011;-8.62043;-0.1504549;0.7199502
792698629;41.25229;-8.620267;-0.150452;0.7199882
792698631;41.25049;-8.61969;-0.150442;0.7199569
792698633;41.25351;-8.616828;-0.150392;0.7200096
792698637;41.25313;-8.621061;-0.1504659;0.7200029
792698639;41.25354;-8.617343;-0.150401;0.72001
792698643;41.25237;-8.620317;-0.1504529;0.7199897
792698645;41.2536;-8.616759;-0.1503908;0.7200112
792698651;41.2536;-8.62188;-0.1504802;0.7200112
792698652;41.2535;-8.617331;-0.1504008;0.7200094
1001197945;41.24387;-8.615833;-0.1503747;0.7198413
1001197946;41.24227;-8.617716;-0.1504075;0.7198133
1001197949;41.24183;-8.618356;-0.1504187;0.7198057
1001197951;41.2415;-8.620367;-0.1504538;0.7198001
1001203355;41.24408;-8.613185;-0.1503284;0.719845
1001203358;41.24414;-8.613509;-0.1503341;0.719846
1001203362;41.24415;-8.614031;-0.1503432;0.7198462
1001203366;41.2442;-8.614746;-0.1503557;0.7198471
1001203369;41.24397;-8.615281;-0.150365;0.7198431
1129572213;41.25668;-8.608624;-0.1502488;0.7200648
1129572269;41.24619;-8.61087;-0.150288;0.7198819
1129574551;41.24604;-8.611064;-0.1502914;0.7198792
1129574555;41.24585;-8.611243;-0.1502945;0.7198758
1129574556;41.2456;-8.611464;-0.1502984;0.7198716
1129574559;41.24551;-8.611562;-0.1503001;0.7198699
1129574560;41.2455;-8.611717;-0.1503028;0.7198698
1129574561;41.24495;-8.612231;-0.1503118;0.7198603
1129574563;41.24456;-8.612747;-0.1503208;0.7198534
1129574564;41.24405;-8.61307;-0.1503264;0.7198445
1129574565;41.24368;-8.613027;-0.1503257;0.7198379
1129574567;41.24302;-8.612716;-0.1503202;0.7198264
1129574606;41.24786;-8.617511;-0.1504039;0.7199109
1129574609;41.24745;-8.616717;-0.1503901;0.7199038
1129574612;41.24728;-8.615809;-0.1503742;0.7199008
1129574613;41.24701;-8.614597;-0.1503531;0.7198961
1129574615;41.2471;-8.613322;-0.1503308;0.7198976
1129574617;41.24713;-8.612955;-0.1503244;0.7198982
1129574619;41.24701;-8.612301;-0.150313;0.7198962
1129574620;41.24668;-8.611522;-0.1502994;0.7198904
1129574622;41.2464;-8.610932;-0.1502891;0.7198855
1158183940;41.2443;-8.628554;-0.1505967;0.7198489
1158183943;41.2424;-8.627865;-0.1505847;0.7198157
1193634960;41.24223;-8.628068;-0.1505882;0.7198127
1193634988;41.24459;-8.628927;-0.1506032;0.7198538
1204987958;41.2527;-8.639535;-0.1507883;0.7199954
1204992332;41.24736;-8.636053;-0.1507276;0.7199022
1204992336;41.25454;-8.616718;-0.1503901;0.7200276
1204992337;41.25282;-8.625732;-0.1505474;0.7199976
1204992339;41.25348;-8.623813;-0.1505139;0.720009
1204992341;41.2548;-8.616966;-0.1503944;0.720032
1204992344;41.25049;-8.631259;-0.1506439;0.7199568
1204992345;41.24958;-8.631124;-0.1506415;0.7199409
1204992346;41.25187;-8.627644;-0.1505808;0.7199809
1204992347;41.2548;-8.61646;-0.1503856;0.720032
1204992349;41.24976;-8.635486;-0.1507177;0.7199441
1204992351;41.25477;-8.616838;-0.1503922;0.7200316
1204992352;41.25119;-8.628903;-0.1506028;0.7199692
1204992354;41.25131;-8.628291;-0.1505921;0.7199712
1204992355;41.24731;-8.634248;-0.1506961;0.7199014
1204992356;41.24734;-8.636347;-0.1507327;0.7199019
1204992357;41.24959;-8.635911;-0.1507251;0.7199412
1204992362;41.25309;-8.624387;-0.1505239;0.7200022
1204992364;41.25291;-8.625254;-0.1505391;0.7199991
1204992365;41.25463;-8.616437;-0.1503852;0.7200292
1204992366;41.25469;-8.616421;-0.1503849;0.7200302
1204992367;41.25486;-8.616589;-0.1503878;0.7200331
1204992368;41.25324;-8.624288;-0.1505222;0.7200049
1204992369;41.25455;-8.616558;-0.1503873;0.7200277
1204992370;41.24989;-8.634315;-0.1506972;0.7199464
1204992376;41.24924;-8.632765;-0.1506702;0.7199351
1204992377;41.25486;-8.616702;-0.1503898;0.7200331
1204992378;41.25018;-8.632993;-0.1506741;0.7199514
1204992380;41.24735;-8.6356;-0.1507197;0.7199021
1204992381;41.25018;-8.633181;-0.1506774;0.7199515
1204992383;41.25015;-8.632234;-0.1506609;0.7199509
1204992384;41.25352;-8.623532;-0.150509;0.7200099
1204992385;41.25075;-8.63057;-0.1506319;0.7199614
1204992387;41.24727;-8.634709;-0.1507041;0.7199007
1204992388;41.25014;-8.632375;-0.1506634;0.7199508
1204992389;41.25201;-8.627467;-0.1505777;0.7199833
1204992390;41.25274;-8.626392;-0.1505589;0.7199961
1204992391;41.24727;-8.634511;-0.1507006;0.7199007
1204992393;41.24843;-8.63246;-0.1506648;0.7199209
1204992394;41.25062;-8.630903;-0.1506377;0.7199591
1204992395;41.24979;-8.635083;-0.1507106;0.7199447
1204992399;41.24739;-8.633749;-0.1506874;0.7199028
1204992400;41.24811;-8.630598;-0.1506324;0.7199153
1204992402;41.25467;-8.616858;-0.1503925;0.7200298
1204992403;41.25241;-8.626726;-0.1505648;0.7199903
1204992404;41.25289;-8.624555;-0.1505269;0.7199987
1204992405;41.25007;-8.633712;-0.1506867;0.7199496
1204992407;41.25277;-8.626069;-0.1505533;0.7199967
1204992408;41.2473;-8.635144;-0.1507117;0.7199012
1204992409;41.25267;-8.626515;-0.1505611;0.7199948
1204992410;41.25457;-8.616785;-0.1503913;0.7200282
1204992411;41.25287;-8.625456;-0.1505426;0.7199985
1204992412;41.25291;-8.625062;-0.1505357;0.7199991
1204992414;41.25229;-8.626968;-0.150569;0.7199883
1204992415;41.24776;-8.632105;-0.1506587;0.7199092
1204992419;41.25276;-8.62634;-0.150558;0.7199965
1204992421;41.25097;-8.62992;-0.1506205;0.7199652
1204992423;41.24981;-8.635345;-0.1507152;0.7199449
1204992424;41.25108;-8.629443;-0.1506122;0.7199672
1204992425;41.25146;-8.627968;-0.1505864;0.7199739
1204992426;41.25343;-8.624143;-0.1505197;0.7200082
1204992428;41.25084;-8.630318;-0.1506275;0.719963
1204992430;41.25019;-8.632055;-0.1506578;0.7199516
1204992432;41.24981;-8.635241;-0.1507134;0.7199451
1204992435;41.24736;-8.635766;-0.1507225;0.7199022
1204992442;41.24983;-8.634718;-0.1507043;0.7199454
1204992443;41.25174;-8.627743;-0.1505825;0.7199786
1204992445;41.25335;-8.624192;-0.1505205;0.7200068
1204992446;41.25365;-8.623008;-0.1504999;0.7200119
1204992447;41.2548;-8.616818;-0.1503918;0.7200321
1204992449;41.24881;-8.630548;-0.1506315;0.7199275
1204992451;41.25253;-8.626635;-0.1505632;0.7199925
1204992453;41.25;-8.633952;-0.1506909;0.7199482
1204992461;41.25299;-8.624495;-0.1505258;0.7200006
1204992462;41.25138;-8.628067;-0.1505882;0.7199725
1204992465;41.24979;-8.634997;-0.1507091;0.7199447
1204997129;41.24393;-8.62261;-0.1504929;0.7198424
1204997130;41.24902;-8.624227;-0.1505211;0.7199311
1204997132;41.24936;-8.624171;-0.1505202;0.7199372
1204997137;41.24709;-8.622684;-0.1504942;0.7198975
1204997138;41.24527;-8.621861;-0.1504799;0.7198657
1204997140;41.24739;-8.623075;-0.150501;0.7199027
1204997141;41.24714;-8.622666;-0.1504939;0.7198985
1204997142;41.2458;-8.621339;-0.1504707;0.719875
1204997144;41.24921;-8.624245;-0.1505215;0.7199345
1204997145;41.2471;-8.622943;-0.1504987;0.7198976
1204997149;41.24956;-8.623962;-0.1505165;0.7199407
1204997153;41.24511;-8.623716;-0.1505122;0.7198629
1204997154;41.24497;-8.623553;-0.1505094;0.7198605
1204997155;41.24458;-8.62316;-0.1505025;0.7198538
1204997156;41.2458;-8.622777;-0.1504958;0.7198749
1204997159;41.24699;-8.622683;-0.1504942;0.7198958
1204997161;41.24727;-8.622807;-0.1504964;0.7199007
1204997163;41.24355;-8.622252;-0.1504867;0.7198358
1204997164;41.24704;-8.62276;-0.1504955;0.7198967
1204997166;41.24631;-8.622336;-0.1504882;0.7198839
1204997168;41.24981;-8.623461;-0.1505078;0.7199451
1204997171;41.24725;-8.622787;-0.150496;0.7199003
1204997173;41.24705;-8.622996;-0.1504997;0.7198968
1204997174;41.24365;-8.622379;-0.1504889;0.7198375
1204997175;41.24704;-8.62288;-0.1504976;0.7198967
1204997178;41.24731;-8.622957;-0.150499;0.7199013
1204997179;41.24974;-8.62369;-0.1505118;0.7199437
1204997182;41.24696;-8.62288;-0.1504976;0.7198952
1204997183;41.24814;-8.623487;-0.1505083;0.7199158
1204997189;41.24825;-8.623572;-0.1505097;0.7199177
1204997190;41.24622;-8.622336;-0.1504882;0.7198823
1204997192;41.24608;-8.622415;-0.1504895;0.7198799
1204997195;41.24723;-8.622889;-0.1504978;0.7199
1204997196;41.24614;-8.622366;-0.1504887;0.7198809
1204997199;41.24842;-8.623802;-0.1505137;0.7199208
1204997203;41.24442;-8.62302;-0.1505001;0.719851
1205005767;41.2463;-8.626896;-0.1505677;0.7198837
1205005768;41.24961;-8.62673;-0.1505648;0.7199416
1205005770;41.25458;-8.63446;-0.1506998;0.7200283
1205005782;41.24589;-8.629042;-0.1506052;0.7198766
1205005784;41.24551;-8.628911;-0.1506029;0.71987
1205005785;41.25318;-8.631928;-0.1506556;0.7200038
1205005787;41.24691;-8.628747;-0.1506;0.7198944
1205005790;41.24877;-8.625515;-0.1505436;0.7199269
1205005792;41.25415;-8.641052;-0.1508148;0.7200208
1205005796;41.24614;-8.628629;-0.150598;0.719881
1205005804;41.24499;-8.625331;-0.1505404;0.7198609
1205005806;41.24511;-8.625241;-0.1505389;0.7198629
1205005807;41.24913;-8.625654;-0.1505461;0.7199332
1205005809;41.25522;-8.637496;-0.1507527;0.7200394
1205005811;41.24552;-8.626636;-0.1505632;0.7198702
1205005816;41.24515;-8.625243;-0.1505389;0.7198637
1205005819;41.25405;-8.641052;-0.1508148;0.720019
1205005825;41.25119;-8.633253;-0.1506787;0.719969
1205005832;41.24838;-8.625128;-0.1505369;0.71992
1205005834;41.25278;-8.633846;-0.1506891;0.7199968
1205005836;41.25246;-8.635442;-0.1507169;0.7199912
1205005841;41.24689;-8.628839;-0.1506016;0.719894
1205005843;41.24723;-8.627253;-0.150574;0.7199
1205005847;41.24618;-8.628658;-0.1505985;0.7198817
1205005849;41.24613;-8.628527;-0.1505962;0.7198808
1205005858;41.24884;-8.630458;-0.1506299;0.7199281
1205005860;41.24612;-8.628589;-0.1505973;0.7198806
1205005863;41.24788;-8.627481;-0.150578;0.7199113
1205005865;41.25069;-8.630184;-0.1506251;0.7199603
1205005868;41.24677;-8.624518;-0.1505262;0.719892
1205005870;41.25127;-8.632824;-0.1506712;0.7199704
1205005872;41.24713;-8.624638;-0.1505283;0.7198982
1205005873;41.24935;-8.628039;-0.1505877;0.7199369
1205005889;41.24904;-8.629557;-0.1506142;0.7199316
1205005891;41.25525;-8.637351;-0.1507502;0.7200399
1205005893;41.24644;-8.626951;-0.1505687;0.7198862
1205005896;41.25366;-8.640516;-0.1508055;0.7200122
1205005898;41.25429;-8.6408;-0.1508104;0.7200232
1205005901;41.25463;-8.637003;-0.1507441;0.7200292
1205005902;41.25368;-8.64021;-0.1508001;0.7200126
1205005904;41.24868;-8.627771;-0.150583;0.7199252
1205005913;41.24504;-8.625268;-0.1505393;0.7198617
1205005916;41.24682;-8.628895;-0.1506026;0.7198928
1205005918;41.25315;-8.632003;-0.1506569;0.7200032
1205005920;41.25365;-8.640355;-0.1508026;0.720012
1205005923;41.24596;-8.626775;-0.1505656;0.7198779
1205005925;41.24568;-8.625434;-0.1505422;0.7198729
1205005927;41.25382;-8.628935;-0.1506033;0.720015
1205005932;41.2528;-8.633854;-0.1506892;0.7199972
1205005936;41.25424;-8.641005;-0.150814;0.7200224
1205005939;41.24685;-8.628881;-0.1506024;0.7198933
1205022875;41.25895;-8.616174;-0.1503806;0.7201045
1207065502;41.24297;-8.632202;-0.1506604;0.7198256
1207065503;41.24388;-8.631113;-0.1506413;0.7198415
1207065504;41.24872;-8.636057;-0.1507276;0.7199259
1207065505;41.24399;-8.631273;-0.1506441;0.7198434
1207065510;41.2424;-8.633032;-0.1506748;0.7198157
1207065512;41.24277;-8.631311;-0.1506448;0.7198222
1207065514;41.24308;-8.632127;-0.150659;0.7198276
1207065516;41.24271;-8.630519;-0.150631;0.7198211
1207065518;41.24318;-8.632084;-0.1506583;0.7198293
1207065520;41.24904;-8.636022;-0.150727;0.7199316
1207065522;41.24405;-8.631847;-0.1506542;0.7198444
1207065529;41.24282;-8.633519;-0.1506833;0.719823
1207065530;41.244;-8.631917;-0.1506554;0.7198436
1207065533;41.24952;-8.635989;-0.1507265;0.71994
1207065537;41.24392;-8.631955;-0.150656;0.7198423
1207065539;41.24405;-8.631745;-0.1506524;0.7198444
1207065541;41.24396;-8.631166;-0.1506423;0.7198429
1207065543;41.24236;-8.632861;-0.1506719;0.7198149
1207065550;41.24931;-8.63601;-0.1507268;0.7199363
1209742510;41.24699;-8.614232;-0.1503467;0.7198957
1209742517;41.24712;-8.612647;-0.1503191;0.719898
1209742520;41.24757;-8.617001;-0.150395;0.719906
1209742525;41.24736;-8.622703;-0.1504945;0.7199023
1392512870;41.25363;-8.612938;-0.1503241;0.7200117
1392512872;41.2541;-8.614817;-0.1503569;0.7200199
1392512873;41.25455;-8.615785;-0.1503738;0.7200277
1392512882;41.25359;-8.612576;-0.1503178;0.7200109
1392512884;41.25126;-8.610837;-0.1502874;0.7199703
1392512885;41.25253;-8.610911;-0.1502888;0.7199924
1392512887;41.25272;-8.611101;-0.1502921;0.7199959
1392512889;41.25109;-8.610633;-0.1502839;0.7199674
1392512890;41.25068;-8.609601;-0.1502659;0.7199602
1392512892;41.25394;-8.614316;-0.1503482;0.7200171
1440988405;41.24976;-8.624702;-0.1505295;0.7199441
1440988406;41.24991;-8.623331;-0.1505055;0.7199468
1440988442;41.24997;-8.624648;-0.1505285;0.7199477
1440988447;41.25002;-8.62357;-0.1505097;0.7199486
1440988449;41.2501;-8.623813;-0.1505139;0.7199501
1440988454;41.25031;-8.624187;-0.1505205;0.7199538
1440988501;41.25035;-8.624259;-0.1505217;0.7199544
1440988508;41.25046;-8.624047;-0.150518;0.7199563
1440988515;41.25052;-8.623975;-0.1505167;0.7199574
1440988516;41.25053;-8.623839;-0.1505144;0.7199575
1440988521;41.25056;-8.624656;-0.1505286;0.7199582
1440988530;41.25062;-8.623634;-0.1505108;0.7199591
1440988535;41.25066;-8.623823;-0.1505141;0.7199599
1440988550;41.25067;-8.623377;-0.1505063;0.71996
1440988555;41.25072;-8.624978;-0.1505343;0.7199609
1440988561;41.25095;-8.623511;-0.1505087;0.7199649
1440988584;41.25098;-8.625553;-0.1505443;0.7199654
1440988590;41.251;-8.623412;-0.1505069;0.7199658
1440988613;41.2512;-8.626079;-0.1505535;0.7199693
1440988622;41.25131;-8.626345;-0.1505581;0.7199712
1440988636;41.25138;-8.626482;-0.1505605;0.7199724
1440988642;41.25145;-8.626606;-0.1505627;0.7199736
1440988647;41.25155;-8.62673;-0.1505648;0.7199754
1440988653;41.25155;-8.625513;-0.1505436;0.7199754
1440988657;41.25179;-8.625034;-0.1505352;0.7199795
1440988660;41.2518;-8.626894;-0.1505677;0.7199797
1440988670;41.25186;-8.626939;-0.1505685;0.7199808
1440988833;41.25197;-8.626959;-0.1505688;0.7199827
1440988837;41.25204;-8.626936;-0.1505684;0.719984
1440988845;41.25214;-8.626864;-0.1505672;0.7199857
1440988879;41.25226;-8.626791;-0.1505659;0.7199878
1440988889;41.25242;-8.626715;-0.1505646;0.7199906
1440988892;41.25272;-8.624569;-0.1505271;0.7199959
1440988902;41.25289;-8.626979;-0.1505692;0.7199988
1440988916;41.25293;-8.626498;-0.1505608;0.7199995
1440988924;41.25299;-8.626984;-0.1505693;0.7200004
1440988925;41.25304;-8.62696;-0.1505689;0.7200013
1440988932;41.25306;-8.626641;-0.1505633;0.7200018
1440988952;41.25308;-8.626755;-0.1505653;0.7200021
1440988964;41.25307;-8.626614;-0.1505628;0.7200019
1440988976;41.25309;-8.626923;-0.1505682;0.7200022
1440988980;41.25313;-8.626885;-0.1505676;0.7200029
1440988981;41.25315;-8.626422;-0.1505595;0.7200034
1440988992;41.25316;-8.626862;-0.1505671;0.7200034
1440988998;41.25321;-8.62666;-0.1505636;0.7200043
1440988999;41.25327;-8.626693;-0.1505642;0.7200054
1440989004;41.25338;-8.626752;-0.1505652;0.7200074
1440989113;41.25342;-8.626356;-0.1505583;0.720008
1440989126;41.25375;-8.626407;-0.1505592;0.7200139
1440989127;41.25395;-8.626291;-0.1505572;0.7200173
1440989135;41.25397;-8.62708;-0.1505709;0.7200176
1440989153;41.25422;-8.626039;-0.1505528;0.7200219
1440989159;41.25426;-8.625969;-0.1505516;0.7200227
1440989166;41.25406;-8.627028;-0.15057;0.7200192
1518684813;41.24158;-8.620732;-0.1504602;0.7198014
1518685010;41.24175;-8.62159;-0.1504751;0.7198043
1518685093;41.24187;-8.618237;-0.1504166;0.7198065
1518685102;41.2419;-8.618172;-0.1504155;0.719807
1518685551;41.2423;-8.622405;-0.1504894;0.7198139
1518685631;41.2424;-8.617821;-0.1504093;0.7198156
1518685785;41.2425;-8.620518;-0.1504564;0.7198175
1518685910;41.24257;-8.620528;-0.1504566;0.7198185
1518686018;41.24259;-8.619233;-0.150434;0.719819
1518686042;41.24261;-8.606194;-0.1502064;0.7198194
1518686058;41.24263;-8.618743;-0.1504254;0.7198196
1518686283;41.24265;-8.606098;-0.1502047;0.71982
1518686412;41.24266;-8.608331;-0.1502437;0.7198203
1518686415;41.24268;-8.61802;-0.1504128;0.7198205
1518686425;41.24269;-8.614146;-0.1503452;0.7198207
1518686583;41.24273;-8.613847;-0.15034;0.7198213
1518686622;41.24278;-8.608375;-0.1502445;0.7198223
1518686774;41.24286;-8.619902;-0.1504457;0.7198237
1518686815;41.24288;-8.612682;-0.1503197;0.719824
1518686824;41.24288;-8.618169;-0.1504154;0.7198241
1518686859;41.24293;-8.608381;-0.1502446;0.7198249
1518686934;41.24294;-8.619522;-0.150439;0.7198251
1518686946;41.24295;-8.619902;-0.1504457;0.7198253
1518686959;41.24298;-8.619857;-0.1504449;0.7198259
1518686964;41.24298;-8.616961;-0.1503943;0.7198259
1518686972;41.24299;-8.604925;-0.1501843;0.7198259
1518686986;41.243;-8.619803;-0.150444;0.7198262
1518687046;41.24302;-8.61961;-0.1504406;0.7198265
1518687057;41.24303;-8.619684;-0.1504419;0.7198268
1518687063;41.24308;-8.620183;-0.1504506;0.7198275
1518687068;41.24309;-8.618282;-0.1504174;0.7198277
1518687071;41.2431;-8.619148;-0.1504325;0.7198278
1518687072;41.24307;-8.608378;-0.1502445;0.7198274
1518687125;41.2431;-8.615259;-0.1503646;0.719828
1518687131;41.24312;-8.61505;-0.150361;0.7198282
1518687135;41.24313;-8.619674;-0.1504417;0.7198284
1518687206;41.24316;-8.618997;-0.1504299;0.719829
1518687217;41.24324;-8.619562;-0.1504397;0.7198303
1518687222;41.24326;-8.618373;-0.150419;0.7198307
1518687224;41.24329;-8.607495;-0.1502291;0.7198311
1518687226;41.24328;-8.619288;-0.150435;0.719831
1518687289;41.2433;-8.603887;-0.1501662;0.7198313
1518687295;41.24331;-8.607459;-0.1502285;0.7198316
1518687378;41.24339;-8.614285;-0.1503476;0.719833
1518687439;41.2434;-8.607454;-0.1502284;0.7198332
1518687447;41.2434;-8.618373;-0.150419;0.7198332
1518687471;41.24345;-8.6034;-0.1501577;0.7198339
1518687520;41.24343;-8.613999;-0.1503427;0.7198336
1518687533;41.24348;-8.603285;-0.1501556;0.7198346
1518687538;41.2435;-8.616365;-0.1503839;0.7198349
1518687626;41.24352;-8.618708;-0.1504248;0.7198352
1518687645;41.24356;-8.608341;-0.1502439;0.719836
1518687738;41.24363;-8.605262;-0.1501901;0.7198371
1518687960;41.24371;-8.605305;-0.1501909;0.7198384
1518687995;41.24381;-8.605365;-0.1501919;0.7198403
1518688036;41.24375;-8.615133;-0.1503624;0.7198393
1518688229;41.24375;-8.607481;-0.1502289;0.7198393
1518688255;41.24381;-8.618425;-0.1504199;0.7198403
1518688266;41.24388;-8.604914;-0.1501841;0.7198415
1518688277;41.24382;-8.615184;-0.1503633;0.7198404
1518688436;41.24388;-8.6153;-0.1503654;0.7198415
1518688442;41.24389;-8.615426;-0.1503676;0.7198417
1518688468;41.24389;-8.607417;-0.1502278;0.7198417
1518688478;41.2439;-8.613079;-0.1503266;0.7198418
1518688497;41.24392;-8.615534;-0.1503694;0.7198421
1518688594;41.24394;-8.608352;-0.1502441;0.7198425
1518688605;41.24396;-8.607348;-0.1502266;0.7198429
1518688624;41.24403;-8.604658;-0.1501796;0.7198441
1518688635;41.244;-8.618381;-0.1504191;0.7198436
1518688652;41.24403;-8.607205;-0.1502241;0.7198441
1518688668;41.24411;-8.605604;-0.1501961;0.7198455
1518688728;41.24415;-8.604414;-0.1501753;0.7198462
1518688769;41.24413;-8.614952;-0.1503593;0.7198459
1518688781;41.24414;-8.606974;-0.15022;0.7198461
1518688817;41.24415;-8.605664;-0.1501972;0.7198462
1518688829;41.24417;-8.606936;-0.1502194;0.7198466
1518688868;41.24418;-8.614399;-0.1503496;0.7198468
1518688893;41.24419;-8.607006;-0.1502206;0.7198469
1518688900;41.2442;-8.618293;-0.1504176;0.7198471
1518688909;41.24421;-8.606884;-0.1502185;0.7198473
1518689037;41.24424;-8.607113;-0.1502225;0.7198477
1518689061;41.24425;-8.604262;-0.1501727;0.719848
1518689105;41.24429;-8.607198;-0.1502239;0.7198486
1518689117;41.24429;-8.606627;-0.150214;0.7198486
1518689272;41.2443;-8.612954;-0.1503244;0.7198489
1518689284;41.24431;-8.618214;-0.1504162;0.719849
1518689300;41.24429;-8.616895;-0.1503932;0.7198487
1518689384;41.24433;-8.606121;-0.1502052;0.7198494
1518689419;41.24435;-8.608372;-0.1502444;0.7198498
1518689431;41.24437;-8.606315;-0.1502085;0.7198501
1518689564;41.24437;-8.606376;-0.1502096;0.7198501
1518689576;41.24437;-8.606416;-0.1502103;0.7198501
1518689591;41.24437;-8.606488;-0.1502116;0.7198501
1518689596;41.24438;-8.608094;-0.1502396;0.7198503
1518689600;41.2444;-8.60729;-0.1502255;0.7198505
1518689606;41.24441;-8.606512;-0.150212;0.7198507
1518689774;41.24444;-8.608379;-0.1502446;0.7198513
1518689782;41.24444;-8.607943;-0.1502369;0.7198513
1518689807;41.24444;-8.606524;-0.1502122;0.7198513
1518689812;41.24445;-8.61285;-0.1503226;0.7198514
1518689930;41.2445;-8.607855;-0.1502354;0.7198523
1518689935;41.2445;-8.617428;-0.1504025;0.7198523
1518689954;41.24457;-8.617507;-0.1504039;0.7198535
1518689959;41.24458;-8.606538;-0.1502124;0.7198538
1518690068;41.24464;-8.607685;-0.1502324;0.7198548
1518690087;41.24471;-8.607563;-0.1502303;0.719856
1518690093;41.24471;-8.601637;-0.1501269;0.719856
1518690201;41.24473;-8.617922;-0.1504111;0.7198563
1518690211;41.24473;-8.607538;-0.1502299;0.7198564
1518690232;41.24476;-8.612455;-0.1503157;0.7198569
1518690236;41.24477;-8.606581;-0.1502132;0.7198571
1518690327;41.24483;-8.617932;-0.1504113;0.7198581
1518690527;41.24492;-8.618134;-0.1504148;0.7198597
1518690533;41.24504;-8.606733;-0.1502158;0.7198617
1518690615;41.24521;-8.606958;-0.1502198;0.7198648
1518690626;41.24522;-8.605104;-0.1501874;0.7198649
1518690647;41.24524;-8.604774;-0.1501817;0.7198651
1518690655;41.24524;-8.604939;-0.1501845;0.7198652
1518690821;41.24527;-8.605019;-0.1501859;0.7198658
1518690849;41.24528;-8.606873;-0.1502183;0.7198659
1518690861;41.24528;-8.606045;-0.1502038;0.7198659
1518690878;41.24529;-8.604577;-0.1501782;0.7198661
1518690888;41.2453;-8.60608;-0.1502044;0.7198662
1518690900;41.24531;-8.606883;-0.1502184;0.7198664
1518690916;41.24531;-8.606749;-0.1502161;0.7198665
1518690963;41.24535;-8.605827;-0.1502;0.7198672
1518690980;41.2454;-8.604445;-0.1501759;0.7198679
1518690998;41.24544;-8.60645;-0.1502109;0.7198687
1518691123;41.24549;-8.60436;-0.1501744;0.7198696
1518691142;41.24552;-8.606194;-0.1502064;0.7198702
1518691194;41.24559;-8.611913;-0.1503062;0.7198713
1518691349;41.24559;-8.604135;-0.1501705;0.7198713
1518691389;41.24567;-8.605734;-0.1501984;0.7198728
1518691490;41.24564;-8.60403;-0.1501686;0.7198722
1518691519;41.2457;-8.605694;-0.1501977;0.7198732
1518691548;41.24573;-8.604026;-0.1501686;0.7198737
1518691583;41.24574;-8.60705;-0.1502214;0.719874
1518691614;41.24576;-8.603755;-0.1501639;0.7198743
1518691718;41.2458;-8.60358;-0.1501608;0.7198751
1518691735;41.24584;-8.603436;-0.1501583;0.7198758
1518691776;41.24591;-8.604014;-0.1501684;0.7198769
1518691819;41.24591;-8.603295;-0.1501558;0.7198769
1518691843;41.24592;-8.604677;-0.15018;0.7198771
1518691855;41.24599;-8.612576;-0.1503178;0.7198784
1518691930;41.24602;-8.612367;-0.1503142;0.7198789
1518691943;41.24603;-8.607183;-0.1502237;0.7198791
1518691953;41.24604;-8.60476;-0.1501814;0.7198792
1518692023;41.24604;-8.603999;-0.1501681;0.7198793
1518692045;41.24611;-8.607513;-0.1502295;0.7198803
1518692058;41.24611;-8.613043;-0.150326;0.7198804
1518692073;41.24612;-8.607251;-0.1502249;0.7198805
1518692085;41.2461;-8.608481;-0.1502463;0.7198802
1518692138;41.24611;-8.612292;-0.1503129;0.7198804
1518692148;41.24612;-8.608851;-0.1502528;0.7198805
1518692158;41.24614;-8.613147;-0.1503278;0.719881
1518692165;41.24618;-8.60465;-0.1501795;0.7198817
1518692175;41.24619;-8.607338;-0.1502264;0.7198817
1518692214;41.24619;-8.602671;-0.1501449;0.7198819
1518692263;41.24622;-8.604739;-0.150181;0.7198822
1518692271;41.24627;-8.604766;-0.1501815;0.7198833
1518692295;41.24635;-8.60995;-0.150272;0.7198847
1518692417;41.24631;-8.604005;-0.1501682;0.7198839
1518692446;41.24632;-8.602462;-0.1501413;0.719884
1518692463;41.24635;-8.604827;-0.1501826;0.7198845
1518692482;41.24631;-8.61031;-0.1502783;0.7198839
1518692561;41.24641;-8.603982;-0.1501678;0.7198856
1518692572;41.24643;-8.607189;-0.1502238;0.7198861
1518692665;41.24654;-8.602214;-0.1501369;0.7198879
1518692678;41.24656;-8.603594;-0.150161;0.7198883
1518692688;41.24656;-8.607194;-0.1502239;0.7198882
1518692714;41.24663;-8.603823;-0.150165;0.7198895
1518692824;41.24664;-8.603524;-0.1501598;0.7198896
1518692840;41.24649;-8.606909;-0.1502189;0.7198871
1518692915;41.24672;-8.603481;-0.1501591;0.719891
1518692973;41.24675;-8.611711;-0.1503027;0.7198916
1518692986;41.24677;-8.602068;-0.1501344;0.7198918
1518692998;41.24696;-8.607396;-0.1502274;0.7198952
1518693027;41.24679;-8.603489;-0.1501592;0.7198923
1518693037;41.2468;-8.605166;-0.1501885;0.7198925
1518693155;41.24687;-8.603652;-0.1501621;0.7198936
1518693161;41.24694;-8.605748;-0.1501986;0.7198948
1518693168;41.24698;-8.605339;-0.1501915;0.7198956
1518693275;41.24698;-8.601993;-0.1501331;0.7198956
1518693370;41.24702;-8.603526;-0.1501599;0.7198963
1518693381;41.24704;-8.603535;-0.15016;0.7198966
1518693396;41.24706;-8.605428;-0.1501931;0.719897
1518693438;41.24711;-8.601991;-0.1501331;0.7198979
1518693461;41.24712;-8.603566;-0.1501606;0.7198981
1518693510;41.24717;-8.605131;-0.1501879;0.719899
1518693598;41.24718;-8.605989;-0.1502028;0.7198991
1518693632;41.24726;-8.603706;-0.150163;0.7199004
1518693642;41.24738;-8.603519;-0.1501597;0.7199025
1518693734;41.24739;-8.604022;-0.1501685;0.7199028
1518693741;41.2474;-8.604532;-0.1501774;0.719903
1518693756;41.24742;-8.604148;-0.1501707;0.7199033
1518693763;41.24743;-8.604335;-0.150174;0.7199035
1518693774;41.24744;-8.606291;-0.1502081;0.7199037
1518693852;41.24753;-8.604003;-0.1501682;0.7199052
1518693857;41.24754;-8.603422;-0.150158;0.7199054
1518693921;41.2476;-8.606458;-0.150211;0.7199065
1518693931;41.24764;-8.602295;-0.1501384;0.7199072
1518693952;41.24768;-8.603415;-0.1501579;0.7199078
1518693960;41.24764;-8.609134;-0.1502577;0.7199072
1518694032;41.24771;-8.606578;-0.1502131;0.7199084
1518694047;41.24778;-8.602324;-0.1501389;0.7199096
1518694085;41.24786;-8.605349;-0.1501917;0.719911
1518694157;41.24786;-8.606704;-0.1502153;0.719911
1518694177;41.24795;-8.603467;-0.1501588;0.7199125
1518694206;41.24805;-8.602274;-0.150138;0.7199144
1518694213;41.24809;-8.609293;-0.1502605;0.7199149
1518694222;41.24812;-8.60542;-0.1501929;0.7199156
1518694270;41.24832;-8.606977;-0.1502201;0.719919
1518694271;41.24833;-8.609347;-0.1502615;0.7199191
1518694273;41.24834;-8.603523;-0.1501598;0.7199194
1518694319;41.24835;-8.608064;-0.1502391;0.7199195
1518694328;41.24842;-8.603955;-0.1501673;0.7199208
1518694403;41.2485;-8.607075;-0.1502218;0.7199221
1518694404;41.2485;-8.608214;-0.1502417;0.7199222
1518694406;41.24851;-8.603974;-0.1501677;0.7199223
1518694413;41.24852;-8.604077;-0.1501695;0.7199225
1518694499;41.24856;-8.602192;-0.1501366;0.7199231
1518694522;41.24857;-8.607092;-0.1502221;0.7199234
1518694528;41.2486;-8.603535;-0.15016;0.7199238
1518694624;41.24863;-8.60218;-0.1501364;0.7199244
1518694628;41.24865;-8.603671;-0.1501624;0.7199247
1518694644;41.24865;-8.605296;-0.1501908;0.7199248
1518694657;41.24868;-8.60933;-0.1502612;0.7199253
1518694710;41.2487;-8.605776;-0.1501991;0.7199256
1518694717;41.24871;-8.603828;-0.1501651;0.7199258
1518694721;41.24873;-8.60218;-0.1501364;0.7199261
1518694726;41.24873;-8.605352;-0.1501917;0.7199261
1518694732;41.24874;-8.605585;-0.1501958;0.7199264
1518694779;41.24875;-8.605446;-0.1501934;0.7199265
1518694786;41.24877;-8.603931;-0.1501669;0.7199269
1518694792;41.24881;-8.608582;-0.1502481;0.7199275
1518694793;41.24883;-8.602194;-0.1501366;0.7199278
1518694858;41.24886;-8.603951;-0.1501673;0.7199283
1518694865;41.24888;-8.603941;-0.1501671;0.7199287
1518694870;41.24891;-8.604027;-0.1501686;0.7199293
1518694880;41.24893;-8.603921;-0.1501667;0.7199296
1518694940;41.24894;-8.605825;-0.1502;0.7199298
1518694945;41.24894;-8.602252;-0.1501376;0.7199298
1518694952;41.24895;-8.605505;-0.1501944;0.7199301
1518694956;41.24896;-8.60416;-0.1501709;0.7199301
1518695028;41.24897;-8.603863;-0.1501657;0.7199304
1518695030;41.24899;-8.604536;-0.1501775;0.7199306
1518695033;41.24899;-8.604326;-0.1501738;0.7199308
1518695041;41.249;-8.60828;-0.1502428;0.7199308
1518695043;41.24901;-8.60373;-0.1501634;0.7199311
1518695098;41.24902;-8.602338;-0.1501391;0.7199311
1518695100;41.24903;-8.60924;-0.1502596;0.7199314
1518695108;41.24906;-8.603388;-0.1501575;0.719932
1518695124;41.24912;-8.602487;-0.1501417;0.719933
1518695173;41.24918;-8.609048;-0.1502562;0.719934
1518695177;41.24923;-8.603358;-0.1501569;0.7199349
1518695192;41.2493;-8.609125;-0.1502576;0.7199361
1518695197;41.24936;-8.606329;-0.1502088;0.7199371
1518695247;41.2494;-8.607698;-0.1502327;0.7199378
1518695258;41.2495;-8.607522;-0.1502296;0.7199396
1518695264;41.2495;-8.607055;-0.1502214;0.7199396
1518695269;41.24952;-8.607053;-0.1502214;0.7199399
1518695315;41.24952;-8.607401;-0.1502275;0.71994
1518695321;41.24954;-8.603189;-0.150154;0.7199403
1518695327;41.24958;-8.609321;-0.150261;0.7199409
1518695330;41.24959;-8.603299;-0.1501559;0.7199411
1518695356;41.24963;-8.603458;-0.1501587;0.7199419
1518695466;41.24965;-8.603685;-0.1501626;0.7199423
1518695536;41.24966;-8.604895;-0.1501837;0.7199424
1518695542;41.24968;-8.606246;-0.1502073;0.7199426
1518695549;41.24968;-8.605164;-0.1501884;0.7199428
1518695550;41.24969;-8.604551;-0.1501777;0.719943
1518695552;41.24971;-8.60423;-0.1501721;0.7199433
1518695557;41.24974;-8.606215;-0.1502068;0.7199439
1518695599;41.24978;-8.605467;-0.1501937;0.7199445
1518695610;41.24979;-8.60617;-0.150206;0.7199447
1518695612;41.24987;-8.605754;-0.1501987;0.719946
1518695613;41.24988;-8.606045;-0.1502038;0.7199462
1518695618;41.24988;-8.609488;-0.1502639;0.7199463
1518695622;41.2499;-8.608855;-0.1502529;0.7199466
1518695679;41.24991;-8.609035;-0.150256;0.7199467
1518695686;41.24992;-8.605867;-0.1502007;0.7199469
1518695696;41.24995;-8.605899;-0.1502013;0.7199475
1518695699;41.24997;-8.605914;-0.1502015;0.7199478
1518695703;41.25006;-8.605949;-0.1502022;0.7199494
1518695796;41.2501;-8.607006;-0.1502206;0.71995
1518695798;41.25019;-8.60591;-0.1502015;0.7199516
1518695805;41.25022;-8.606997;-0.1502204;0.7199521
1518695818;41.25022;-8.609587;-0.1502656;0.7199522
1518695828;41.25031;-8.607017;-0.1502208;0.7199537
1518695847;41.25056;-8.607173;-0.1502235;0.719958
1518695948;41.25056;-8.605818;-0.1501999;0.7199582
1518695962;41.25058;-8.609554;-0.1502651;0.7199584
1518695969;41.25064;-8.607561;-0.1502303;0.7199596
1518695984;41.25064;-8.608834;-0.1502525;0.7199596
1518695989;41.25065;-8.609198;-0.1502588;0.7199596
1518696095;41.25066;-8.607338;-0.1502264;0.7199598
1518696098;41.25066;-8.609529;-0.1502646;0.7199599
1518696115;41.25068;-8.607222;-0.1502244;0.7199601
1518696120;41.25069;-8.607227;-0.1502245;0.7199603
1518696125;41.25069;-8.605814;-0.1501998;0.7199604
1518696136;41.25071;-8.606031;-0.1502036;0.7199606
1518696143;41.25072;-8.605911;-0.1502015;0.7199608
1518696287;41.25077;-8.605964;-0.1502024;0.7199617
1518696296;41.25082;-8.607204;-0.1502241;0.7199625
1518696393;41.25082;-8.60581;-0.1501997;0.7199625
1518696398;41.25083;-8.605889;-0.1502011;0.7199628
1518696410;41.25096;-8.605833;-0.1502001;0.719965
1518696415;41.25109;-8.605897;-0.1502012;0.7199673
1518696427;41.25121;-8.60599;-0.1502029;0.7199695
1518696535;41.25137;-8.6071;-0.1502222;0.7199723
1518696557;41.2514;-8.607093;-0.1502221;0.7199727
1518696578;41.2514;-8.60939;-0.1502622;0.7199727
1518696584;41.25145;-8.607073;-0.1502218;0.7199737
1518696588;41.25169;-8.610966;-0.1502897;0.7199778
1518696694;41.25171;-8.606403;-0.1502101;0.7199782
1518696721;41.25176;-8.606473;-0.1502113;0.719979
1518696729;41.25191;-8.606806;-0.1502171;0.7199816
1518696734;41.25192;-8.606797;-0.150217;0.7199818
1518696747;41.25203;-8.609284;-0.1502604;0.7199838
1518696757;41.25207;-8.609976;-0.1502724;0.7199844
1518696881;41.25216;-8.606662;-0.1502146;0.719986
1518696884;41.25224;-8.606632;-0.1502141;0.7199874
1518696890;41.2523;-8.60924;-0.1502596;0.7199884
1518696899;41.25231;-8.606646;-0.1502143;0.7199886
1518696911;41.25235;-8.610887;-0.1502883;0.7199893
1518696919;41.25235;-8.606538;-0.1502124;0.7199893
1518697042;41.25237;-8.606683;-0.150215;0.7199896
1518697050;41.25243;-8.606467;-0.1502112;0.7199908
1518697054;41.25244;-8.606626;-0.150214;0.7199909
1518697060;41.25244;-8.606535;-0.1502124;0.7199909
1518697071;41.25245;-8.606705;-0.1502153;0.7199911
1518697075;41.25245;-8.606754;-0.1502162;0.7199911
1518697088;41.25246;-8.606418;-0.1502103;0.7199913
1518697171;41.25249;-8.606361;-0.1502093;0.7199919
1518697178;41.25256;-8.606239;-0.1502072;0.719993
1518697179;41.2526;-8.60697;-0.15022;0.7199937
1518697410;41.25291;-8.606077;-0.1502044;0.7199991
1518697415;41.25296;-8.607454;-0.1502284;0.7199999
1518697543;41.25298;-8.606077;-0.1502044;0.7200004
1518697550;41.25302;-8.609075;-0.1502567;0.720001
1518697702;41.25304;-8.611577;-0.1503004;0.7200013
1518697729;41.25306;-8.606096;-0.1502047;0.7200017
1518698035;41.25318;-8.606046;-0.1502038;0.7200038
1518698056;41.25325;-8.603558;-0.1501604;0.720005
1518698231;41.25326;-8.607865;-0.1502356;0.7200052
1518698238;41.25327;-8.603433;-0.1501582;0.7200055
1518698247;41.25328;-8.608919;-0.150254;0.7200056
1518698277;41.25329;-8.603663;-0.1501622;0.7200058
1518698314;41.25331;-8.607944;-0.150237;0.7200062
1518698751;41.25337;-8.612121;-0.1503099;0.7200071
1518698757;41.25338;-8.603763;-0.150164;0.7200072
1518698774;41.25338;-8.608038;-0.1502386;0.7200074
1518698867;41.25349;-8.603864;-0.1501658;0.7200092
1518698870;41.25354;-8.608246;-0.1502422;0.72001
1518699058;41.2536;-8.608595;-0.1502483;0.7200111
1518699246;41.25367;-8.61332;-0.1503308;0.7200124
1518699288;41.25371;-8.608462;-0.150246;0.720013
1518699300;41.25378;-8.608382;-0.1502446;0.7200142
1518699506;41.25388;-8.608305;-0.1502433;0.7200159
1518699535;41.25392;-8.608171;-0.1502409;0.7200168
1518699695;41.25395;-8.607964;-0.1502373;0.7200173
1518699706;41.25398;-8.608314;-0.1502434;0.7200179
1518699713;41.25399;-8.607799;-0.1502344;0.720018
1518699820;41.25399;-8.604097;-0.1501698;0.720018
1518699828;41.25406;-8.607662;-0.150232;0.7200191
1518699903;41.2541;-8.607581;-0.1502306;0.7200199
1518700089;41.25418;-8.607398;-0.1502274;0.7200214
1518700100;41.25419;-8.608314;-0.1502434;0.7200214
1518700144;41.25421;-8.604105;-0.15017;0.7200218
1518700296;41.25426;-8.607008;-0.1502206;0.7200226
1518700368;41.2543;-8.606905;-0.1502188;0.7200234
1518700377;41.25431;-8.606698;-0.1502152;0.7200236
1518700393;41.25435;-8.606443;-0.1502108;0.7200242
1518700406;41.25436;-8.607668;-0.1502322;0.7200243
1518700425;41.25436;-8.602546;-0.1501427;0.7200244
1518700436;41.25437;-8.608341;-0.1502439;0.7200245
1518700440;41.25438;-8.602685;-0.1501452;0.7200247
1518700447;41.25438;-8.602728;-0.1501459;0.7200248
1518700497;41.25439;-8.606805;-0.1502171;0.720025
1518700506;41.2544;-8.602984;-0.1501504;0.7200251
1518700510;41.25441;-8.604132;-0.1501704;0.7200253
1518700557;41.25442;-8.603217;-0.1501545;0.7200254
1518700569;41.25442;-8.603269;-0.1501554;0.7200255
1518700570;41.25443;-8.607696;-0.1502326;0.7200255
1518700574;41.25443;-8.606195;-0.1502064;0.7200256
1518700594;41.25445;-8.603443;-0.1501584;0.720026
1518700650;41.25447;-8.608146;-0.1502405;0.7200264
1518700663;41.25451;-8.607756;-0.1502337;0.720027
1518700665;41.25451;-8.606036;-0.1502037;0.7200271
1518700675;41.25454;-8.604105;-0.15017;0.7200276
1518700732;41.25456;-8.608523;-0.1502471;0.7200279
1518700749;41.25458;-8.60432;-0.1501737;0.7200283
1518700774;41.25462;-8.604664;-0.1501797;0.7200289
1518700890;41.25463;-8.60587;-0.1502008;0.7200291
1518700905;41.25465;-8.607938;-0.1502369;0.7200294
1518700920;41.25465;-8.608608;-0.1502486;0.7200295
1518700945;41.25468;-8.60508;-0.150187;0.7200301
1518700973;41.25469;-8.605711;-0.150198;0.7200301
1518701049;41.25469;-8.603022;-0.1501511;0.7200302
1518701082;41.2547;-8.602943;-0.1501497;0.7200304
1518701089;41.2547;-8.603167;-0.1501536;0.7200304
1518701093;41.25471;-8.605252;-0.15019;0.7200305
1518701104;41.25472;-8.603323;-0.1501563;0.7200307
1518701166;41.25475;-8.602894;-0.1501488;0.7200312
1518701170;41.25478;-8.60864;-0.1502491;0.7200317
1518701179;41.25477;-8.603393;-0.1501575;0.7200316
1518701191;41.2548;-8.609138;-0.1502578;0.720032
1518701329;41.2548;-8.604314;-0.1501736;0.7200322
1518701383;41.25481;-8.60285;-0.1501481;0.7200323
1518701471;41.25483;-8.609659;-0.1502669;0.7200326
1518701486;41.25483;-8.60654;-0.1502125;0.7200327
1518701552;41.25492;-8.602839;-0.1501479;0.7200342
1518701561;41.25494;-8.608302;-0.1502432;0.7200345
1518701577;41.25499;-8.604317;-0.1501736;0.7200353
1518701586;41.25501;-8.610247;-0.1502772;0.7200357
1518701596;41.25503;-8.602873;-0.1501485;0.7200361
1518701614;41.25503;-8.603723;-0.1501633;0.7200361
1518701629;41.25504;-8.603533;-0.15016;0.7200363
1518701646;41.25504;-8.604242;-0.1501724;0.7200363
1518701749;41.25505;-8.603492;-0.1501593;0.7200364
1518701776;41.25505;-8.604309;-0.1501735;0.7200365
1518701824;41.25507;-8.603409;-0.1501578;0.7200368
1518701835;41.25509;-8.60856;-0.1502477;0.7200372
1518701886;41.25511;-8.604416;-0.1501754;0.7200375
1518701900;41.25512;-8.610768;-0.1502863;0.7200376
1518701940;41.25513;-8.602915;-0.1501492;0.7200379
1518701950;41.25518;-8.608569;-0.1502479;0.7200387
1518702005;41.25521;-8.604604;-0.1501787;0.7200392
1518702012;41.25526;-8.603209;-0.1501543;0.7200402
1518702013;41.25526;-8.61146;-0.1502983;0.7200402
1518702016;41.25528;-8.6119;-0.150306;0.7200404
1518702035;41.25528;-8.603151;-0.1501533;0.7200405
1518702038;41.25529;-8.604692;-0.1501802;0.7200407
1518702043;41.25535;-8.613209;-0.1503288;0.7200416
1518702113;41.25541;-8.604773;-0.1501816;0.7200426
1518702137;41.25542;-8.613649;-0.1503365;0.7200429
1518702163;41.25547;-8.604824;-0.1501825;0.7200438
1518702187;41.2555;-8.606128;-0.1502053;0.7200443
1518702270;41.25553;-8.604872;-0.1501833;0.7200448
1518702326;41.25557;-8.613855;-0.1503401;0.7200456
1518702332;41.25558;-8.605004;-0.1501857;0.7200458
1518702350;41.25559;-8.604731;-0.1501809;0.7200459
1518702356;41.25561;-8.605129;-0.1501878;0.7200463
1518702371;41.25562;-8.605272;-0.1501903;0.7200463
1518702378;41.25565;-8.605449;-0.1501934;0.7200469
1518702382;41.25566;-8.604622;-0.150179;0.7200472
1518702387;41.25567;-8.605592;-0.1501959;0.7200473
1518702444;41.25572;-8.605948;-0.1502021;0.7200481
1518702507;41.25574;-8.604557;-0.1501779;0.7200486
1518702509;41.25576;-8.605699;-0.1501978;0.7200488
1518702510;41.25577;-8.608643;-0.1502492;0.720049
1518702524;41.25581;-8.613877;-0.1503405;0.7200497
1518702605;41.25581;-8.605739;-0.1501985;0.7200498
1518702615;41.25587;-8.605695;-0.1501977;0.7200508
1518702616;41.25587;-8.604507;-0.150177;0.7200508
1518702627;41.25587;-8.605582;-0.1501957;0.7200509
1518702672;41.25589;-8.605806;-0.1501997;0.7200511
1518702683;41.25592;-8.605425;-0.150193;0.7200516
1518702684;41.25594;-8.60603;-0.1502036;0.7200521
1518702696;41.25602;-8.606336;-0.1502089;0.7200534
1518702749;41.25611;-8.605031;-0.1501861;0.7200549
1518702774;41.25616;-8.606843;-0.1502177;0.7200559
1518702867;41.25621;-8.604845;-0.1501829;0.7200567
1518702872;41.25629;-8.604624;-0.150179;0.7200581
1518702901;41.25636;-8.604477;-0.1501765;0.7200593
1518703023;41.25644;-8.607844;-0.1502352;0.7200606
1518703145;41.2565;-8.604353;-0.1501743;0.7200618
1518703177;41.25671;-8.604257;-0.1501726;0.7200654
1518703259;41.25675;-8.616261;-0.1503821;0.7200662
1518703266;41.25684;-8.604164;-0.150171;0.7200677
1518703520;41.25694;-8.604042;-0.1501689;0.7200694
1518703572;41.25705;-8.613466;-0.1503333;0.7200714
1518703573;41.25706;-8.603864;-0.1501658;0.7200716
1518703706;41.25718;-8.60363;-0.1501617;0.7200736
1518703710;41.2572;-8.603603;-0.1501612;0.720074
1518703717;41.25725;-8.603558;-0.1501604;0.7200749
1518703733;41.25734;-8.613238;-0.1503294;0.7200763
1518703795;41.25746;-8.603498;-0.1501594;0.7200785
1518703859;41.25756;-8.602894;-0.1501488;0.7200802
1518703869;41.25756;-8.603196;-0.1501541;0.7200803
1518703870;41.25756;-8.603361;-0.150157;0.7200803
1518703874;41.25756;-8.602707;-0.1501456;0.7200803
1518703922;41.25759;-8.602637;-0.1501443;0.7200807
1518704417;41.25844;-8.612248;-0.1503121;0.7200956
1702553103;41.25483;-8.616771;-0.150391;0.7200327
1723958660;41.24997;-8.61963;-0.1504409;0.7199478
1801524430;41.24148;-8.623477;-0.1505081;0.7197996
1801524476;41.24204;-8.628163;-0.1505899;0.7198094
1801524487;41.2421;-8.628111;-0.1505889;0.7198104
1801524489;41.24218;-8.627501;-0.1505783;0.7198119
1801524504;41.24221;-8.623011;-0.1504999;0.7198125
1801524508;41.24228;-8.627748;-0.1505826;0.7198136
1801524543;41.24473;-8.630245;-0.1506262;0.7198563
1801524545;41.24476;-8.629142;-0.1506069;0.7198569
1801524546;41.2448;-8.628955;-0.1506037;0.7198576
1801524547;41.24484;-8.62889;-0.1506025;0.7198583
1801524549;41.24502;-8.628863;-0.1506021;0.7198614
1801524551;41.24511;-8.629074;-0.1506058;0.7198629
1802287587;41.2513;-8.631279;-0.1506442;0.719971
1802287612;41.2563;-8.633048;-0.1506751;0.7200583
1802287615;41.25644;-8.632925;-0.150673;0.7200608
1928871120;41.25626;-8.604255;-0.1501726;0.7200577
1928871121;41.25544;-8.604244;-0.1501724;0.7200433
1928871122;41.25517;-8.604301;-0.1501734;0.7200385
1928871123;41.25581;-8.604173;-0.1501711;0.7200497
1928871124;41.25612;-8.604189;-0.1501714;0.7200552
2084919151;41.24488;-8.602283;-0.1501382;0.7198589
2084919154;41.24429;-8.603905;-0.1501665;0.7198486
2084919155;41.24421;-8.603807;-0.1501648;0.7198473
2084919156;41.24582;-8.605905;-0.1502014;0.7198753
2084919158;41.24605;-8.606478;-0.1502114;0.7198793
2084919160;41.2444;-8.603702;-0.1501629;0.7198506
2084919161;41.24546;-8.60532;-0.1501912;0.719869
2084919165;41.24448;-8.604599;-0.1501786;0.7198519
2084919167;41.24464;-8.604822;-0.1501825;0.7198547
2084919171;41.24482;-8.604921;-0.1501842;0.7198579
2084919173;41.24432;-8.604213;-0.1501718;0.7198491
2084919175;41.24639;-8.606989;-0.1502203;0.7198853
2084919179;41.24435;-8.604318;-0.1501737;0.7198498
2084919181;41.24475;-8.601753;-0.1501289;0.7198568
2084919183;41.24488;-8.602446;-0.150141;0.7198591
2084919185;41.24594;-8.606251;-0.1502074;0.7198775
2084919187;41.24486;-8.602591;-0.1501435;0.7198586
2084919189;41.24644;-8.607043;-0.1502212;0.7198862
2085710661;41.2443;-8.604105;-0.15017;0.7198488
2085710663;41.24412;-8.603723;-0.1501633;0.7198457
2085710672;41.2435;-8.603238;-0.1501548;0.7198349
2085710676;41.24633;-8.606929;-0.1502192;0.7198843
2085710684;41.24697;-8.605664;-0.1501972;0.7198955
2115822349;41.24519;-8.617961;-0.1504118;0.7198643
2115822351;41.24389;-8.617133;-0.1503973;0.7198417
2115822353;41.24363;-8.617454;-0.1504029;0.7198371
2115822357;41.24355;-8.618394;-0.1504194;0.7198356
2115822359;41.24481;-8.616705;-0.1503899;0.7198578
2115822361;41.24469;-8.616658;-0.1503891;0.7198557
2115826843;41.24379;-8.617197;-0.1503985;0.71984
2232245571;41.24506;-8.629316;-0.15061;0.719862
2232245572;41.24517;-8.629252;-0.1506089;0.7198641
2232245573;41.24518;-8.629094;-0.1506061;0.7198642
2232245574;41.24514;-8.629047;-0.1506053;0.7198634
2232245575;41.24514;-8.629263;-0.150609;0.7198635
2232245576;41.2451;-8.629014;-0.1506047;0.7198628
2232251440;41.25162;-8.627818;-0.1505838;0.7199766
2232251448;41.2527;-8.628527;-0.1505962;0.7199954
2232251453;41.25229;-8.628377;-0.1505936;0.7199883
2232251454;41.25151;-8.6281;-0.1505888;0.7199748
2232251455;41.25204;-8.628291;-0.1505921;0.7199839
2232251463;41.2519;-8.628176;-0.1505901;0.7199814
2249891210;41.24619;-8.610837;-0.1502874;0.7198817
2249891211;41.24636;-8.610803;-0.1502869;0.7198849
2249891212;41.24625;-8.610683;-0.1502848;0.7198828
2249891214;41.24636;-8.610762;-0.1502861;0.7198848
2249891215;41.24627;-8.610925;-0.150289;0.7198832
2249891216;41.24636;-8.610833;-0.1502874;0.7198848
2249891217;41.24622;-8.610703;-0.1502851;0.7198823
2249891218;41.24635;-8.610872;-0.1502881;0.7198845
2249891219;41.2463;-8.610685;-0.1502848;0.7198837
2249891220;41.2463;-8.61092;-0.1502889;0.7198837
2249891221;41.24621;-8.610895;-0.1502885;0.7198822
2249891222;41.24619;-8.610753;-0.150286;0.7198818
2249891223;41.24633;-8.610902;-0.1502886;0.7198842
2249891224;41.24634;-8.610724;-0.1502855;0.7198845
2249891225;41.2462;-8.610732;-0.1502856;0.719882
2249891226;41.24633;-8.610706;-0.1502852;0.7198843
2249891227;41.24624;-8.610916;-0.1502888;0.7198827
2249891229;41.24627;-8.61068;-0.1502847;0.7198832
2249891230;41.24618;-8.610795;-0.1502867;0.7198817
2258443795;41.24477;-8.616666;-0.1503892;0.719857
2259915747;41.24635;-8.610852;-0.1502877;0.7198847
2456495668;41.24565;-8.624501;-0.1505259;0.7198724
2456495669;41.24548;-8.624502;-0.150526;0.7198694
2456495671;41.24401;-8.62509;-0.1505362;0.7198439
2456495672;41.2438;-8.625236;-0.1505388;0.7198401
2456495673;41.24366;-8.625538;-0.150544;0.7198376
2456495674;41.24343;-8.626642;-0.1505633;0.7198336
2456495675;41.24311;-8.628122;-0.1505891;0.7198281
2456495676;41.24485;-8.624764;-0.1505305;0.7198583
2456495677;41.24372;-8.625347;-0.1505407;0.7198387
2456495678;41.24361;-8.625277;-0.1505395;0.7198369
2456495679;41.24348;-8.625294;-0.1505398;0.7198346
2456495680;41.24314;-8.625437;-0.1505423;0.7198287
2456495681;41.24287;-8.625614;-0.1505454;0.7198238
2456495682;41.24283;-8.62569;-0.1505467;0.7198231
2456505947;41.2534;-8.629324;-0.1506101;0.7200077
2456505950;41.25335;-8.629392;-0.1506113;0.7200067
2456505953;41.25328;-8.629416;-0.1506117;0.7200055
2456505955;41.25321;-8.629392;-0.1506113;0.7200043
2456505959;41.25315;-8.629324;-0.1506101;0.7200034
2456505962;41.25328;-8.629045;-0.1506053;0.7200055
2456505965;41.25335;-8.62907;-0.1506057;0.7200067
2456505968;41.2534;-8.629138;-0.1506069;0.7200077
2456505970;41.25342;-8.62923;-0.1506085;0.720008
2456505973;41.25314;-8.62923;-0.1506085;0.7200031
2456505976;41.25315;-8.629138;-0.1506069;0.7200034
2456505979;41.25321;-8.62907;-0.1506057;0.7200043
2456505981;41.25364;-8.629775;-0.150618;0.7200118
2456505984;41.25338;-8.629354;-0.1506106;0.7200072
2889065502;41.24641;-8.620268;-0.1504521;0.7198856
2889065503;41.24606;-8.620426;-0.1504548;0.7198794
2889065505;41.24863;-8.619106;-0.1504318;0.7199243
2889065506;41.24821;-8.619525;-0.1504391;0.719917
2889065507;41.24815;-8.619674;-0.1504417;0.719916
2889065508;41.24813;-8.619913;-0.1504459;0.7199157
2889065509;41.24807;-8.619969;-0.1504468;0.7199147
2889065510;41.24796;-8.619817;-0.1504442;0.7199126
2889065511;41.24781;-8.619768;-0.1504433;0.7199101
2889065512;41.24761;-8.61979;-0.1504437;0.7199066
2889065513;41.2476;-8.618409;-0.1504196;0.7199064
2889065514;41.24757;-8.618143;-0.150415;0.719906
2889065515;41.24763;-8.617966;-0.1504119;0.719907
2889065516;41.24773;-8.617838;-0.1504096;0.7199087
2889065517;41.2475;-8.618402;-0.1504195;0.7199047
2889065518;41.24735;-8.618154;-0.1504152;0.7199021
2889065519;41.24725;-8.618106;-0.1504143;0.7199003
2889065520;41.24713;-8.618074;-0.1504138;0.7198982
2970335769;41.24436;-8.60825;-0.1502423;0.7198499
3108425067;41.24353;-8.622079;-0.1504837;0.7198353
3108425069;41.2433;-8.622181;-0.1504854;0.7198314
3108425077;41.25026;-8.617805;-0.1504091;0.7199528
3108425081;41.2501;-8.61795;-0.1504116;0.71995
3108425085;41.25025;-8.617887;-0.1504105;0.7199527
3108425088;41.24932;-8.618397;-0.1504194;0.7199365
3108425094;41.24794;-8.619608;-0.1504405;0.7199124
3108425099;41.24345;-8.622133;-0.1504846;0.7198339
3108425102;41.24741;-8.6181;-0.1504142;0.7199032
3108425103;41.24796;-8.619428;-0.1504374;0.7199126
3108425118;41.2496;-8.61814;-0.1504149;0.7199413
3108425119;41.24747;-8.618078;-0.1504138;0.7199042
3108425122;41.24335;-8.622231;-0.1504863;0.7198322
3108588214;41.24033;-8.633642;-0.1506855;0.7197795
3108592736;41.24037;-8.633544;-0.1506838;0.7197803
3108592742;41.24269;-8.630389;-0.1506287;0.7198208
3115213332;41.25402;-8.641329;-0.1508196;0.7200185
3121122033;41.24511;-8.617741;-0.150408;0.7198631
3121122034;41.24527;-8.617911;-0.1504109;0.7198657
3130379337;41.2502;-8.62018;-0.1504505;0.7199517
3130379340;41.24289;-8.630489;-0.1506305;0.7198241
3130379341;41.25034;-8.619511;-0.1504388;0.7199543
3130379342;41.24287;-8.630362;-0.1506282;0.7198239
3130379343;41.24041;-8.633381;-0.1506809;0.7197809
3130379344;41.24834;-8.621712;-0.1504773;0.7199194
3130379345;41.24831;-8.620378;-0.150454;0.7199187
3130379346;41.24973;-8.620531;-0.1504567;0.7199436
3130379347;41.24999;-8.620435;-0.150455;0.7199482
3130379348;41.2502;-8.620052;-0.1504483;0.7199519
3130379349;41.24823;-8.620417;-0.1504547;0.7199175
3130379351;41.25024;-8.61949;-0.1504385;0.7199525
3130379354;41.25012;-8.620351;-0.1504535;0.7199504
3130379355;41.25046;-8.6195;-0.1504387;0.7199563
3130379356;41.24705;-8.622734;-0.1504951;0.7198968
3134151974;41.24582;-8.612297;-0.1503129;0.7198754
3134151975;41.24596;-8.618526;-0.1504217;0.7198778
3134151976;41.24599;-8.618629;-0.1504235;0.7198783
3134151977;41.246;-8.619955;-0.1504466;0.7198786
3134151978;41.24602;-8.620048;-0.1504482;0.7198789
3134151979;41.24605;-8.618757;-0.1504257;0.7198793
3134151980;41.24607;-8.619711;-0.1504423;0.7198797
3134151984;41.24613;-8.618874;-0.1504277;0.7198808
3134151986;41.24614;-8.619513;-0.1504389;0.7198809
3134151989;41.24619;-8.620341;-0.1504533;0.7198818
3134151992;41.24622;-8.618999;-0.1504299;0.7198823
3134151995;41.24625;-8.619351;-0.1504361;0.719883
3134151998;41.24637;-8.619164;-0.1504328;0.7198849
3134152005;41.24667;-8.611784;-0.150304;0.7198901
3134152015;41.24772;-8.617265;-0.1503996;0.7199085
3134152016;41.24806;-8.617235;-0.1503991;0.7199144
3134152017;41.24839;-8.617233;-0.1503991;0.7199202
3134152018;41.24863;-8.617233;-0.1503991;0.7199245
3134152019;41.24914;-8.617284;-0.1504;0.7199333
3134152020;41.24929;-8.617285;-0.1504;0.719936
3135602000;41.24321;-8.620594;-0.1504578;0.7198297
3146277558;41.24096;-8.634074;-0.150693;0.7197906
3146277560;41.2417;-8.634327;-0.1506974;0.7198034
3146277562;41.24211;-8.634484;-0.1507002;0.7198106
3146277563;41.24236;-8.632943;-0.1506733;0.719815
3146277564;41.24238;-8.63281;-0.1506709;0.7198153
3146277565;41.24242;-8.632763;-0.1506701;0.719816
3146416135;41.24556;-8.624486;-0.1505257;0.7198709
3146416136;41.24795;-8.624981;-0.1505343;0.7199126
3146431583;41.24359;-8.622326;-0.150488;0.7198364
3146431584;41.24529;-8.624075;-0.1505185;0.7198661
3278454383;41.25621;-8.633132;-0.1506766;0.7200567
3278454384;41.25624;-8.633046;-0.1506751;0.7200573
3278454385;41.2564;-8.633343;-0.1506803;0.7200601
3278454386;41.25644;-8.633432;-0.1506818;0.7200607
3278454387;41.25651;-8.632924;-0.1506729;0.720062
3391018376;41.24683;-8.622599;-0.1504927;0.7198929
3391018377;41.24682;-8.62144;-0.1504725;0.7198929
3391018378;41.24622;-8.620669;-0.1504591;0.7198824
3602668000;41.24217;-8.628072;-0.1505883;0.7198116
3652907009;41.25399;-8.634259;-0.1506962;0.720018
3652908352;41.25296;-8.633015;-0.1506745;0.7199999
3652918012;41.25385;-8.621606;-0.1504754;0.7200154
3652918013;41.25421;-8.621435;-0.1504724;0.7200217
3652918014;41.25471;-8.621061;-0.1504659;0.7200305
3652918015;41.25496;-8.620806;-0.1504615;0.720035
3652918016;41.25504;-8.620692;-0.1504595;0.7200363
3652918017;41.25523;-8.620532;-0.1504567;0.7200397
3652918018;41.25545;-8.62031;-0.1504528;0.7200435
3652918019;41.25551;-8.620224;-0.1504513;0.7200445
3652918020;41.25575;-8.619555;-0.1504396;0.7200487
3652918021;41.25584;-8.619328;-0.1504356;0.7200503
3652918022;41.2561;-8.618941;-0.1504289;0.7200547
3652918023;41.25623;-8.618732;-0.1504253;0.720057
3652918024;41.25647;-8.618274;-0.1504173;0.7200613
3652922625;41.25652;-8.618212;-0.1504162;0.720062
3652922626;41.25659;-8.618163;-0.1504153;0.7200633
3652922627;41.25671;-8.618155;-0.1504152;0.7200654
3652922628;41.25699;-8.618171;-0.1504155;0.7200704
3652922629;41.25719;-8.618186;-0.1504157;0.7200739
3652922630;41.25737;-8.618232;-0.1504165;0.7200769
3652922631;41.25745;-8.618257;-0.150417;0.7200783
3778216988;41.24856;-8.607593;-0.1502308;0.7199232
3778216989;41.24927;-8.60756;-0.1502303;0.7199355
3898740113;41.24827;-8.619794;-0.1504438;0.7199181
3898740114;41.24831;-8.619626;-0.1504409;0.7199187
3898740115;41.24831;-8.619937;-0.1504463;0.7199188
3898740116;41.24853;-8.619392;-0.1504368;0.7199226
3898740117;41.24854;-8.619424;-0.1504373;0.7199229
3898740118;41.24882;-8.619518;-0.150439;0.7199277
3898740119;41.24886;-8.619585;-0.1504401;0.7199285
3898740120;41.24889;-8.619525;-0.1504391;0.7199289
3898740121;41.2489;-8.619612;-0.1504406;0.7199292
3898740122;41.24892;-8.619514;-0.1504389;0.7199294
3898740123;41.24893;-8.619466;-0.1504381;0.7199296
3898740124;41.24896;-8.620708;-0.1504597;0.7199301
3898740125;41.24897;-8.618975;-0.1504295;0.7199303
3898740126;41.24897;-8.619237;-0.1504341;0.7199304
3898740127;41.249;-8.619198;-0.1504334;0.7199309
3898740128;41.24901;-8.619047;-0.1504308;0.719931
3898740129;41.24904;-8.61919;-0.1504332;0.7199315
3898740130;41.24905;-8.620398;-0.1504543;0.7199318
3898740131;41.24909;-8.620211;-0.1504511;0.7199324
3898740132;41.24911;-8.619082;-0.1504314;0.7199328
3898740133;41.24912;-8.620024;-0.1504478;0.719933
3898740134;41.24915;-8.619699;-0.1504421;0.7199335
3898740135;41.24918;-8.619557;-0.1504396;0.719934
3898740136;41.24919;-8.619713;-0.1504424;0.7199341
3898740137;41.24922;-8.619253;-0.1504343;0.7199346
3898740138;41.24923;-8.619327;-0.1504356;0.7199349
3898740139;41.24923;-8.619282;-0.1504349;0.7199349
3898740140;41.24926;-8.619403;-0.150437;0.7199354
3898740141;41.24928;-8.619354;-0.1504361;0.7199357
3898740142;41.24928;-8.61939;-0.1504367;0.7199357
3898740143;41.24929;-8.619414;-0.1504372;0.719936
3898740144;41.24932;-8.61956;-0.1504397;0.7199364
3898740145;41.24933;-8.619157;-0.1504327;0.7199366
3898740146;41.24934;-8.619441;-0.1504376;0.7199368
3898740147;41.24939;-8.619047;-0.1504308;0.7199377
3898740148;41.24939;-8.619284;-0.1504349;0.7199377
3898740149;41.24945;-8.619418;-0.1504372;0.7199386
3898740150;41.24949;-8.619096;-0.1504316;0.7199395
3898740151;41.24951;-8.618463;-0.1504205;0.7199397
3898740152;41.24962;-8.61967;-0.1504416;0.7199417
3898740153;41.24965;-8.619582;-0.1504401;0.7199422
3898740154;41.24968;-8.618375;-0.150419;0.7199426
3898740156;41.24973;-8.618375;-0.150419;0.7199435
3898740557;41.24976;-8.619732;-0.1504427;0.7199442
3898740558;41.24977;-8.618391;-0.1504193;0.7199443
3898740559;41.2498;-8.618428;-0.15042;0.7199448
3898740560;41.24982;-8.618634;-0.1504235;0.7199452
3898740561;41.24987;-8.618587;-0.1504227;0.719946
3898740562;41.24987;-8.618538;-0.1504219;0.7199461
3898740563;41.24988;-8.619809;-0.150444;0.7199462
3898740564;41.24988;-8.618832;-0.150427;0.7199462
3898740566;41.25005;-8.619329;-0.1504357;0.7199492
3898740567;41.25016;-8.619266;-0.1504346;0.7199511
3898740572;41.24835;-8.623726;-0.1505124;0.7199196
3898740573;41.24839;-8.623651;-0.1505111;0.7199202
3898740574;41.24889;-8.621182;-0.150468;0.719929
3898740575;41.24897;-8.620822;-0.1504617;0.7199303
3927022991;41.24732;-8.622128;-0.1504845;0.7199016
3927022993;41.24734;-8.622368;-0.1504887;0.7199019
3927022994;41.24735;-8.62185;-0.1504797;0.719902
3927022996;41.24738;-8.621739;-0.1504777;0.7199026
3927022997;41.24743;-8.621631;-0.1504758;0.7199033
3927022999;41.24754;-8.622769;-0.1504957;0.7199053
3927023000;41.24754;-8.621548;-0.1504744;0.7199054
3927023002;41.24761;-8.62289;-0.1504978;0.7199066
3927023003;41.24761;-8.62271;-0.1504947;0.7199066
3927023004;41.24763;-8.622751;-0.1504954;0.719907
3927023005;41.24765;-8.621487;-0.1504733;0.7199073
3927023006;41.24768;-8.622828;-0.1504967;0.7199078
3927023007;41.2477;-8.623;-0.1504997;0.7199081
3927023008;41.24772;-8.621449;-0.1504727;0.7199086
3927023009;41.24773;-8.622608;-0.1504929;0.7199088
3927023010;41.24775;-8.622922;-0.1504984;0.7199091
3927023011;41.24778;-8.622703;-0.1504945;0.7199095
3927023012;41.24781;-8.621631;-0.1504758;0.71991
3927023013;41.24782;-8.623106;-0.1505016;0.7199103
3927023014;41.24783;-8.622769;-0.1504957;0.7199104
3927023015;41.24785;-8.623004;-0.1504998;0.7199109
3927023016;41.24785;-8.622499;-0.150491;0.7199109
3927023017;41.24788;-8.622544;-0.1504918;0.7199112
3927023018;41.24789;-8.621799;-0.1504788;0.7199115
3927023019;41.24789;-8.622823;-0.1504966;0.7199116
3927023020;41.24793;-8.622622;-0.1504932;0.7199122
3927023021;41.24793;-8.623158;-0.1505025;0.7199122
3927023022;41.24796;-8.622864;-0.1504974;0.7199126
3927023023;41.24796;-8.623055;-0.1505007;0.7199126
3927023025;41.24797;-8.622391;-0.1504891;0.7199129
3927023026;41.24799;-8.622429;-0.1504898;0.7199133
3927023027;41.24801;-8.622688;-0.1504943;0.7199135
3927023028;41.24803;-8.62248;-0.1504907;0.719914
3927023030;41.24806;-8.621674;-0.1504766;0.7199144
3927023031;41.24807;-8.622229;-0.1504863;0.7199146
3927023033;41.24807;-8.622305;-0.1504876;0.7199147
3927023034;41.24808;-8.622512;-0.1504912;0.7199147
3927023035;41.2481;-8.622287;-0.1504873;0.7199151
3927023036;41.24811;-8.622347;-0.1504883;0.7199153
3927023037;41.24816;-8.621528;-0.150474;0.7199162
3927023038;41.24817;-8.622231;-0.1504863;0.7199163
3927023039;41.24817;-8.622401;-0.1504893;0.7199163
3927023041;41.24818;-8.622261;-0.1504868;0.7199166
3927023042;41.2482;-8.622289;-0.1504873;0.7199169
3927023043;41.24823;-8.622437;-0.1504899;0.7199175
3927023044;41.24824;-8.621347;-0.1504709;0.7199175
3927023045;41.24825;-8.622319;-0.1504879;0.7199178
3927023048;41.24829;-8.621078;-0.1504662;0.7199184
3927023049;41.24829;-8.622111;-0.1504842;0.7199184
3927023051;41.24829;-8.621141;-0.1504673;0.7199185
3927023052;41.24829;-8.623648;-0.150511;0.7199185
3927023054;41.24833;-8.623299;-0.1505049;0.7199191
3927023055;41.24833;-8.622128;-0.1504845;0.7199191
3927023056;41.24835;-8.623549;-0.1505093;0.7199195
3927023158;41.24837;-8.623358;-0.150506;0.7199198
3927023159;41.24837;-8.623456;-0.1505077;0.7199199
3927023160;41.24839;-8.621963;-0.1504816;0.7199202
3927023161;41.24847;-8.623233;-0.1505038;0.7199215
3927023162;41.24847;-8.621801;-0.1504788;0.7199216
3927023163;41.24848;-8.623045;-0.1505005;0.7199218
3927023165;41.2485;-8.621813;-0.150479;0.7199222
3927023166;41.24851;-8.623055;-0.1505007;0.7199223
3927023167;41.24854;-8.621635;-0.1504759;0.7199227
3927023169;41.24854;-8.622866;-0.1504974;0.7199229
3927023170;41.24855;-8.620721;-0.15046;0.719923
3927023171;41.24856;-8.622673;-0.150494;0.7199231
3927023172;41.24856;-8.620632;-0.1504584;0.7199232
3927023173;41.24857;-8.621454;-0.1504728;0.7199234
3927023175;41.24858;-8.622684;-0.1504942;0.7199236
3927023176;41.24859;-8.620914;-0.1504633;0.7199237
3927023177;41.2486;-8.621273;-0.1504696;0.7199238
3927023178;41.2486;-8.621464;-0.1504729;0.7199239
3927023179;41.24861;-8.621093;-0.1504665;0.719924
3927023180;41.24861;-8.622433;-0.1504898;0.719924
3927023181;41.24861;-8.62256;-0.1504921;0.7199241
3927023182;41.24863;-8.620906;-0.1504632;0.7199244
3927023183;41.24863;-8.622441;-0.15049;0.7199245
3927023184;41.24864;-8.621102;-0.1504666;0.7199246
3927023185;41.24867;-8.622259;-0.1504868;0.7199252
3927023186;41.24868;-8.622066;-0.1504834;0.7199253
3927023187;41.24871;-8.622076;-0.1504836;0.7199258
3927023188;41.24875;-8.621897;-0.1504805;0.7199265
3927023189;41.24876;-8.621716;-0.1504773;0.7199266
3927023190;41.24878;-8.621726;-0.1504775;0.7199271
3927023191;41.24882;-8.621535;-0.1504742;0.7199277
3927023192;41.24883;-8.62135;-0.1504709;0.7199278
3927023193;41.24885;-8.621359;-0.1504711;0.7199283
3927023194;41.24894;-8.621007;-0.150465;0.7199298
4055209991;41.24801;-8.619577;-0.15044;0.7199135
4069110566;41.24886;-8.630377;-0.1506285;0.7199283
4069110567;41.24886;-8.630334;-0.1506277;0.7199285
4133885789;41.24749;-8.609021;-0.1502558;0.7199045
4133885790;41.24642;-8.608731;-0.1502507;0.7198858
4133885791;41.2461;-8.608582;-0.1502481;0.7198803
4176736094;41.2517;-8.606396;-0.1502099;0.719978
4176761946;41.25054;-8.617689;-0.150407;0.7199577
4176761947;41.25056;-8.617757;-0.1504082;0.7199581
4176761948;41.24973;-8.618138;-0.1504149;0.7199436
4176761949;41.24995;-8.618068;-0.1504137;0.7199475
4489546789;41.25198;-8.627071;-0.1505708;0.7199829
4489546790;41.25197;-8.627136;-0.1505719;0.7199827
4489546791;41.2519;-8.627243;-0.1505738;0.7199814
4489546792;41.25181;-8.627372;-0.150576;0.7199799
4489546793;41.25175;-8.627568;-0.1505795;0.7199789
4501144884;41.25296;-8.628618;-0.1505978;0.72
4541575804;41.25435;-8.602491;-0.1501418;0.7200242
4541733448;41.24281;-8.6225;-0.150491;0.7198228
4541733449;41.24375;-8.621939;-0.1504812;0.7198393
4541733450;41.2448;-8.621263;-0.1504694;0.7198576
4541733451;41.2457;-8.620669;-0.1504591;0.7198734
4541733452;41.24668;-8.620081;-0.1504488;0.7198904
4541733453;41.24652;-8.620106;-0.1504492;0.7198877
4541733454;41.24662;-8.620216;-0.1504512;0.7198894
4551003092;41.24664;-8.63612;-0.1507287;0.7198896
4551003093;41.24663;-8.636015;-0.1507269;0.7198895
4551003094;41.24662;-8.635889;-0.1507247;0.7198894
4551003095;41.24661;-8.635793;-0.150723;0.7198892
4551003096;41.24658;-8.63572;-0.1507218;0.7198887
4551003097;41.24653;-8.635667;-0.1507208;0.7198878
4551003098;41.24707;-8.636713;-0.1507391;0.7198971
4551003099;41.24711;-8.636621;-0.1507375;0.7198979
4551003100;41.24717;-8.636517;-0.1507356;0.7198989
4551003101;41.24722;-8.636439;-0.1507343;0.7198998
4551003102;41.24959;-8.635983;-0.1507263;0.7199412
4551003103;41.24964;-8.635962;-0.150726;0.719942
4551003104;41.24975;-8.635929;-0.1507254;0.719944
4551003105;41.24986;-8.635889;-0.1507247;0.7199458
4551003106;41.24998;-8.635836;-0.1507238;0.7199479
4551003107;41.2501;-8.635787;-0.1507229;0.71995
4551003108;41.25017;-8.635753;-0.1507223;0.7199513
4551003109;41.25027;-8.635701;-0.1507214;0.7199531
4551003110;41.25036;-8.635672;-0.1507209;0.7199547
4551003111;41.25053;-8.635656;-0.1507206;0.7199576
4551003112;41.25025;-8.633225;-0.1506782;0.7199527
4551003113;41.25072;-8.633636;-0.1506854;0.7199609
4551003114;41.25077;-8.633653;-0.1506857;0.7199617
4551003115;41.25079;-8.633639;-0.1506854;0.7199621
4551003116;41.25082;-8.633569;-0.1506842;0.7199625
4551003117;41.25084;-8.633425;-0.1506817;0.719963
4551003118;41.25142;-8.628012;-0.1505872;0.7199731
4551003119;41.25135;-8.628176;-0.1505901;0.7199718
4551003120;41.25285;-8.626412;-0.1505593;0.719998
4552714396;41.2527;-8.624594;-0.1505276;0.7199954
4552714397;41.25265;-8.62461;-0.1505278;0.7199946
4552714398;41.25257;-8.624612;-0.1505279;0.7199931
4552714399;41.25252;-8.624623;-0.1505281;0.7199923
4552714400;41.25251;-8.624646;-0.1505285;0.719992
4552714401;41.25247;-8.624648;-0.1505285;0.7199914
4552714402;41.25241;-8.624618;-0.150528;0.7199903
4552714403;41.25232;-8.624572;-0.1505272;0.7199887
4552714404;41.25229;-8.62452;-0.1505263;0.7199883
4552714405;41.25227;-8.624458;-0.1505252;0.719988
4552714406;41.25249;-8.621177;-0.1504679;0.7199918
4552714407;41.25488;-8.620573;-0.1504574;0.7200335
4552714408;41.25476;-8.620461;-0.1504554;0.7200314
4552714409;41.25464;-8.620418;-0.1504547;0.7200293
4552714410;41.25418;-8.620305;-0.1504527;0.7200212
4552714411;41.25347;-8.617285;-0.1504;0.7200089
4552714412;41.25397;-8.616667;-0.1503892;0.7200176
4552714413;41.25348;-8.617313;-0.1504005;0.7200091
4552714414;41.25359;-8.617341;-0.150401;0.720011
4552714415;41.25349;-8.616867;-0.1503927;0.7200092
4552714416;41.25356;-8.616782;-0.1503912;0.7200105
4552714417;41.25347;-8.616645;-0.1503888;0.7200089
4552714418;41.25461;-8.617313;-0.1504005;0.7200288
4552714419;41.25461;-8.617012;-0.1503952;0.7200288
4552714420;41.25459;-8.616952;-0.1503942;0.7200283
4552714421;41.25453;-8.616881;-0.1503929;0.7200273
4552714422;41.25449;-8.61684;-0.1503922;0.7200267
4552714423;41.25445;-8.616832;-0.1503921;0.720026
4552714424;41.25393;-8.616838;-0.1503922;0.7200168
4552714425;41.25359;-8.616917;-0.1503936;0.7200109
4552714426;41.25357;-8.616929;-0.1503938;0.7200106
4552714427;41.25356;-8.616961;-0.1503943;0.7200105
4552714428;41.25356;-8.617342;-0.150401;0.7200105
4552714429;41.2537;-8.617338;-0.1504009;0.720013
4552714430;41.2537;-8.616891;-0.1503931;0.7200129
4552714431;41.25385;-8.617334;-0.1504009;0.7200156
4552714432;41.25385;-8.616858;-0.1503925;0.7200154
4552714433;41.25399;-8.617331;-0.1504008;0.720018
4552714434;41.25399;-8.616838;-0.1503922;0.720018
4552714435;41.25417;-8.617326;-0.1504007;0.7200211
4552714436;41.25416;-8.616836;-0.1503921;0.7200209
4552714437;41.25431;-8.617322;-0.1504006;0.7200236
4552714438;41.25431;-8.616834;-0.1503921;0.7200235
4552714439;41.25446;-8.617318;-0.1504006;0.7200261
4552714450;41.2543;-8.618927;-0.1504287;0.7200233
4552714451;41.25429;-8.61896;-0.1504292;0.7200232
4552714452;41.25427;-8.618983;-0.1504296;0.7200229
4552714453;41.25425;-8.618975;-0.1504295;0.7200226
4552714454;41.2542;-8.618932;-0.1504287;0.7200217
4552714455;41.2542;-8.618909;-0.1504283;0.7200216
4552714456;41.25421;-8.618872;-0.1504277;0.7200217
4552714457;41.25427;-8.618551;-0.1504221;0.7200228
4552714458;41.25449;-8.618635;-0.1504236;0.7200267
4552714459;41.25436;-8.618587;-0.1504227;0.7200245
4552714460;41.25415;-8.618504;-0.1504213;0.7200208
4552714461;41.25409;-8.618412;-0.1504197;0.7200197
4552714462;41.25367;-8.618286;-0.1504175;0.7200124
4552714463;41.25366;-8.618259;-0.150417;0.7200122
4552714464;41.25366;-8.618214;-0.1504162;0.7200122
4552714465;41.25406;-8.618263;-0.1504171;0.7200191
4552714466;41.25403;-8.618251;-0.1504169;0.7200187
4552714467;41.25395;-8.61823;-0.1504165;0.7200173
4552714480;41.2536;-8.618156;-0.1504152;0.7200112
4552714481;41.25362;-8.618243;-0.1504167;0.7200114
4552714482;41.25363;-8.61827;-0.1504172;0.7200117
4552714483;41.25477;-8.616238;-0.1503817;0.7200316
4552714484;41.25476;-8.616179;-0.1503807;0.7200315
4552714485;41.25442;-8.615602;-0.1503706;0.7200254
4552714486;41.25422;-8.615215;-0.1503639;0.720022
4552714487;41.25362;-8.612753;-0.1503209;0.7200115
4552714488;41.25262;-8.610992;-0.1502902;0.7199941
4552714489;41.25244;-8.610887;-0.1502883;0.7199909
4552714490;41.25148;-8.610946;-0.1502894;0.7199741
4552714491;41.25158;-8.610966;-0.1502897;0.7199759
4552714492;41.25116;-8.610757;-0.1502861;0.7199685
4557039527;41.24848;-8.619182;-0.1504331;0.7199218
4557039528;41.24851;-8.619247;-0.1504342;0.7199224
4557039529;41.24775;-8.618747;-0.1504255;0.7199091
4557039530;41.24779;-8.61886;-0.1504275;0.7199098
4565333548;41.2492;-8.618394;-0.1504194;0.7199343
4598660539;41.24332;-8.607346;-0.1502265;0.7198316
4598660540;41.24332;-8.607311;-0.1502259;0.7198318
4598660541;41.24334;-8.607193;-0.1502239;0.7198321
4598660542;41.24332;-8.607082;-0.1502219;0.7198318
4598660543;41.24328;-8.606968;-0.1502199;0.719831
4598660544;41.24326;-8.606899;-0.1502187;0.7198306
4598660545;41.24323;-8.606848;-0.1502178;0.7198302
4598660546;41.24325;-8.60676;-0.1502163;0.7198305
4598660547;41.24328;-8.606621;-0.1502139;0.719831
4598660548;41.24328;-8.606594;-0.1502134;0.719831
4639946344;41.2583;-8.616179;-0.1503807;0.7200932
4642460560;41.25466;-8.615977;-0.1503772;0.7200297
4642460561;41.25459;-8.616028;-0.150378;0.7200284
4642460562;41.25453;-8.616052;-0.1503785;0.7200274
4642460563;41.25429;-8.616057;-0.1503786;0.7200232
4642460564;41.25428;-8.615606;-0.1503707;0.720023
4642460565;41.25434;-8.615674;-0.1503719;0.7200242
4642460566;41.25428;-8.615877;-0.1503754;0.7200231
4642460567;41.25448;-8.615881;-0.1503755;0.7200265
4642460568;41.25454;-8.616407;-0.1503847;0.7200275
4642460569;41.25368;-8.616022;-0.150378;0.7200125
4642460570;41.25454;-8.616241;-0.1503818;0.7200275
4642460571;41.2543;-8.616242;-0.1503818;0.7200233
4642460572;41.2543;-8.616416;-0.1503848;0.7200233
4642460573;41.25468;-8.616233;-0.1503816;0.7200301
4642460574;41.25369;-8.616433;-0.1503851;0.7200127
