411504977;41.17468;-8.599753;-0.150094;0.7186337
412246602;41.17639;-8.603919;-0.1501667;0.7186635
412246603;41.17653;-8.603923;-0.1501668;0.718666
412246604;41.17671;-8.604003;-0.1501682;0.7186692
412246606;41.17698;-8.604337;-0.150174;0.7186739
412246607;41.17762;-8.605254;-0.15019;0.7186851
412246608;41.17835;-8.606237;-0.1502072;0.7186978
412247985;41.17638;-8.603765;-0.150164;0.7186635
412247991;41.17672;-8.602757;-0.1501464;0.7186693
412247996;41.17682;-8.602172;-0.1501362;0.7186711
412248000;41.17678;-8.601951;-0.1501324;0.7186703
412248004;41.17661;-8.601693;-0.1501279;0.7186674
412248006;41.176;-8.600886;-0.1501138;0.7186568
412248011;41.1759;-8.600744;-0.1501113;0.718655
412248019;41.1758;-8.600197;-0.1501018;0.7186534
412249442;41.1737;-8.603764;-0.150164;0.7186167
412249443;41.1745;-8.603812;-0.1501649;0.7186307
412249444;41.17498;-8.60384;-0.1501653;0.718639
412249445;41.17526;-8.603856;-0.1501656;0.7186439
412249446;41.1762;-8.603909;-0.1501665;0.7186602
412249448;41.175;-8.599947;-0.1500974;0.7186394
412249449;41.1752;-8.600069;-0.1500995;0.7186428
412249450;41.17541;-8.600165;-0.1501012;0.7186464
412249451;41.17612;-8.600151;-0.1501009;0.7186589
420776939;41.17646;-8.60001;-0.1500985;0.7186648
420776943;41.17793;-8.599245;-0.1500851;0.7186905
420776945;41.18033;-8.598083;-0.1500649;0.7187323
420807840;41.18204;-8.597239;-0.1500501;0.7187623
430006694;41.17848;-8.598961;-0.1500802;0.7187001
430006697;41.18023;-8.60515;-0.1501882;0.7187306
430012027;41.1764;-8.597526;-0.1500551;0.7186638
430012028;41.17644;-8.597821;-0.1500603;0.7186644
430012030;41.17681;-8.599139;-0.1500833;0.7186708
430012057;41.17606;-8.597052;-0.1500469;0.7186578
430012058;41.17606;-8.597285;-0.1500509;0.7186577
432578781;41.17725;-8.599599;-0.1500913;0.7186787
432578826;41.17699;-8.596059;-0.1500295;0.718674
432578827;41.17694;-8.595888;-0.1500265;0.7186733
432578828;41.17692;-8.595286;-0.1500161;0.7186729
432578830;41.1761;-8.595953;-0.1500277;0.7186585
432578831;41.17543;-8.594192;-0.1499969;0.7186468
435240898;41.17599;-8.595592;-0.1500214;0.7186565
435240906;41.1778;-8.598452;-0.1500713;0.7186882
435240914;41.17772;-8.59849;-0.150072;0.7186868
435240917;41.17704;-8.594302;-0.1499989;0.7186748
506111738;41.17867;-8.597974;-0.1500629;0.7187034
784475024;41.17694;-8.593234;-0.1499802;0.7186733
1223751572;41.17683;-8.602392;-0.1501401;0.7186712
1223751610;41.17582;-8.600474;-0.1501066;0.7186536
1223751630;41.17691;-8.59558;-0.1500212;0.7186726
1223751641;41.17709;-8.599355;-0.1500871;0.7186759
1223751669;41.17649;-8.603383;-0.1501574;0.7186654
1223751671;41.17678;-8.602591;-0.1501435;0.7186704
1223751683;41.1766;-8.598443;-0.1500711;0.7186673
1223751723;41.17712;-8.599267;-0.1500855;0.7186763
1223751746;41.17635;-8.602915;-0.1501492;0.7186629
1223751757;41.17661;-8.602948;-0.1501498;0.7186674
1548554599;41.17592;-8.605977;-0.1502026;0.7186554
2072674370;41.1744;-8.603806;-0.1501648;0.7186288
2072674371;41.17384;-8.603775;-0.1501642;0.718619
2084090868;41.17618;-8.604583;-0.1501783;0.7186599
2084090869;41.17616;-8.605072;-0.1501868;0.7186596
2084090870;41.17598;-8.604571;-0.1501781;0.7186565
2084090871;41.17636;-8.603995;-0.150168;0.718663
2084090873;41.17619;-8.604103;-0.1501699;0.7186601
2156098689;41.18005;-8.604486;-0.1501766;0.7187274
2156098695;41.17896;-8.600214;-0.150102;0.7187084
2156098707;41.17998;-8.6034;-0.1501577;0.7187263
2156098708;41.18001;-8.60435;-0.1501742;0.7187268
2156098709;41.18003;-8.604201;-0.1501716;0.7187272
2156098710;41.17969;-8.603135;-0.150153;0.7187212
2156098711;41.17939;-8.601115;-0.1501178;0.7187158
2156098713;41.17984;-8.603466;-0.1501588;0.7187237
2156098719;41.1791;-8.601145;-0.1501183;0.7187108
2156098725;41.17975;-8.603193;-0.1501541;0.7187223
2156098729;41.17885;-8.600266;-0.1501029;0.7187065
2156098746;41.17929;-8.601053;-0.1501167;0.7187141
2156098749;41.17985;-8.602939;-0.1501496;0.718724
2156098750;41.17924;-8.601069;-0.150117;0.7187134
2156098752;41.17984;-8.602826;-0.1501476;0.7187238
2156098755;41.17965;-8.603098;-0.1501524;0.7187206
2156098756;41.17934;-8.601062;-0.1501168;0.7187151
2156104170;41.18018;-8.604946;-0.1501846;0.7187297
2185756687;41.17855;-8.59626;-0.150033;0.7187014
2185792255;41.17712;-8.597208;-0.1500496;0.7186763
2185792256;41.1773;-8.597104;-0.1500478;0.7186795
2185848561;41.17684;-8.597334;-0.1500518;0.7186714
2185848563;41.17659;-8.597346;-0.150052;0.7186671
2185848565;41.17694;-8.59743;-0.1500535;0.7186733
2185848567;41.17653;-8.597405;-0.150053;0.7186661
2185848568;41.17649;-8.597495;-0.1500546;0.7186654
2185848577;41.17669;-8.597302;-0.1500512;0.7186688
2185848579;41.17641;-8.597607;-0.1500565;0.7186639
2185848581;41.1769;-8.597413;-0.1500532;0.7186725
2185848583;41.17714;-8.597374;-0.1500525;0.7186767
2185848584;41.17698;-8.597399;-0.1500529;0.7186738
2185848586;41.17702;-8.597378;-0.1500525;0.7186746
2185848588;41.17679;-8.597303;-0.1500513;0.7186705
2460915651;41.17555;-8.599765;-0.1500942;0.7186489
2460915652;41.17546;-8.599456;-0.1500888;0.7186474
2460915653;41.17639;-8.598983;-0.1500806;0.7186635
2460915654;41.17649;-8.599316;-0.1500864;0.7186653
2460915655;41.17557;-8.599818;-0.1500951;0.7186493
2617650080;41.18;-8.604331;-0.1501739;0.7187266
3554953676;41.17831;-8.599045;-0.1500816;0.7186972
3554953677;41.17843;-8.599105;-0.1500827;0.7186992
3554953679;41.17852;-8.599176;-0.1500839;0.7187008
3554953680;41.17855;-8.599047;-0.1500817;0.7187013
3554953681;41.1786;-8.5989;-0.1500791;0.7187022
3554953687;41.1802;-8.605022;-0.150186;0.71873
3554953688;41.18021;-8.605056;-0.1501866;0.7187302
3573222096;41.17862;-8.598066;-0.1500646;0.7187026
3573222097;41.17864;-8.597533;-0.1500553;0.7187029
3573222098;41.1789;-8.600242;-0.1501025;0.7187074
3573222099;41.17915;-8.601116;-0.1501178;0.7187118
3573222104;41.17955;-8.5987;-0.1500756;0.7187186
3573222107;41.1797;-8.59838;-0.15007;0.7187214
3573222108;41.17974;-8.599425;-0.1500883;0.718722
3573222109;41.17978;-8.599579;-0.150091;0.7187227
3573222110;41.17979;-8.598733;-0.1500762;0.7187229
3573222114;41.17987;-8.59884;-0.1500781;0.7187243
3573222116;41.17998;-8.598873;-0.1500787;0.7187262
3573222118;41.18002;-8.604297;-0.1501733;0.7187269
3573222124;41.18029;-8.598701;-0.1500757;0.7187317
3573222125;41.18031;-8.59853;-0.1500726;0.718732
3573222126;41.18036;-8.598492;-0.150072;0.7187328
3573222127;41.18045;-8.599088;-0.1500824;0.7187344
3573222128;41.18049;-8.599237;-0.150085;0.7187351
3573222130;41.18082;-8.599078;-0.1500822;0.7187409
3573222132;41.181;-8.599678;-0.1500927;0.718744
3573222133;41.18106;-8.599693;-0.150093;0.7187451
3573222138;41.18127;-8.599592;-0.1500912;0.7187488
3573222157;41.18155;-8.599469;-0.1500891;0.7187536
3573222198;41.18213;-8.5992;-0.1500844;0.7187638
3573222201;41.18222;-8.599161;-0.1500837;0.7187653
3573222212;41.18251;-8.599027;-0.1500813;0.7187704
4149583051;41.17958;-8.598435;-0.150071;0.7187194
4282469015;41.17574;-8.595008;-0.1500112;0.7186521
4282469037;41.17595;-8.595498;-0.1500197;0.7186558
4282469042;41.17608;-8.596456;-0.1500365;0.7186582
4282469044;41.17627;-8.596456;-0.1500365;0.7186615
4282469045;41.17653;-8.596474;-0.1500368;0.718666
4282469046;41.17698;-8.597178;-0.1500491;0.7186739
4282469047;41.17705;-8.597211;-0.1500496;0.7186751
4282469049;41.17725;-8.597307;-0.1500513;0.7186785
4381097464;41.18015;-8.604859;-0.1501831;0.7187293
4452244279;41.17588;-8.60147;-0.150124;0.7186547
4452244280;41.17593;-8.601583;-0.1501259;0.7186555
4452244281;41.17595;-8.601708;-0.1501281;0.7186558
4452244282;41.17591;-8.601807;-0.1501299;0.7186553
4452244283;41.17568;-8.602127;-0.1501354;0.7186512
4452244284;41.17592;-8.601564;-0.1501256;0.7186553
4452244285;41.17561;-8.602;-0.1501332;0.71865
4517268075;41.17654;-8.598207;-0.150067;0.7186662
4517268078;41.17719;-8.5995;-0.1500896;0.7186775
4517268293;41.17729;-8.597799;-0.1500599;0.7186792
4517268307;41.17728;-8.597468;-0.1500541;0.7186791
4517268308;41.17651;-8.596461;-0.1500366;0.7186656
4517268309;41.17647;-8.596455;-0.1500364;0.7186649
4517268310;41.17751;-8.598208;-0.150067;0.7186832
4517268311;41.17676;-8.598598;-0.1500738;0.7186701
4517268312;41.17666;-8.598651;-0.1500748;0.7186683
4517268326;41.1772;-8.597161;-0.1500488;0.7186777
4517268343;41.17643;-8.596256;-0.150033;0.7186642
4517268344;41.17623;-8.596456;-0.1500365;0.7186608
4517268349;41.1763;-8.596381;-0.1500352;0.7186621
4517268356;41.17631;-8.596456;-0.1500365;0.7186621
4517268358;41.17676;-8.597303;-0.1500513;0.71867
4517268370;41.17484;-8.603831;-0.1501652;0.7186365
4517268373;41.17609;-8.605498;-0.1501943;0.7186583
4523942704;41.17573;-8.601116;-0.1501178;0.7186521
4523942705;41.17572;-8.601051;-0.1501167;0.7186519
4523942706;41.17573;-8.600984;-0.1501155;0.718652
4523942707;41.17576;-8.600918;-0.1501143;0.7186525
4523942708;41.17591;-8.600757;-0.1501115;0.7186552
4523942709;41.1752;-8.600564;-0.1501082;0.7186428
4523942710;41.17517;-8.600462;-0.1501064;0.7186423
4523942711;41.17516;-8.600369;-0.1501048;0.7186421
4523942712;41.17516;-8.600272;-0.1501031;0.7186421
4523942713;41.17516;-8.600176;-0.1501014;0.7186422
4523942718;41.17585;-8.60166;-0.1501273;0.7186542
4523942720;41.1762;-8.601657;-0.1501272;0.7186604
4523942721;41.17608;-8.601531;-0.150125;0.7186582
4523960189;41.17788;-8.599272;-0.1500856;0.7186896
4523960190;41.17761;-8.598317;-0.1500689;0.7186849
4523960191;41.17763;-8.598185;-0.1500666;0.7186852
4534707505;41.17785;-8.59918;-0.150084;0.7186891
4566797421;41.17513;-8.600025;-0.1500988;0.7186416
4573598489;41.17683;-8.602284;-0.1501382;0.7186713
4573598490;41.1768;-8.602056;-0.1501342;0.7186708
4718388087;41.17593;-8.605899;-0.1502013;0.7186555
4718388088;41.17614;-8.605308;-0.1501909;0.7186592
4718388289;41.17629;-8.604067;-0.1501693;0.7186619
4718388290;41.17633;-8.604033;-0.1501687;0.7186626
4718388481;41.17519;-8.600064;-0.1500994;0.7186427
