130213684;41.1945;-8.583829;-0.1498161;0.7189797
269566454;41.18229;-8.582866;-0.1497993;0.7187665
269567421;41.18385;-8.582298;-0.1497894;0.7187937
269567423;41.18442;-8.582056;-0.1497851;0.7188038
269567425;41.18542;-8.581606;-0.1497773;0.7188211
269567427;41.18639;-8.580868;-0.1497644;0.718838
269567429;41.18664;-8.580753;-0.1497624;0.7188424
269567431;41.18694;-8.580662;-0.1497608;0.7188478
269567433;41.1873;-8.580586;-0.1497595;0.718854
269567434;41.18767;-8.580553;-0.1497589;0.7188604
269567435;41.1879;-8.580557;-0.149759;0.7188645
269567436;41.18881;-8.580662;-0.1497608;0.7188804
269567437;41.18924;-8.580634;-0.1497603;0.7188879
269567438;41.19138;-8.580139;-0.1497517;0.7189252
269567439;41.19194;-8.579926;-0.149748;0.718935
269567440;41.19254;-8.579633;-0.1497428;0.7189454
269567441;41.19324;-8.579176;-0.1497349;0.7189578
269567443;41.19385;-8.578412;-0.1497215;0.7189683
269567444;41.19471;-8.577572;-0.1497069;0.7189834
269567445;41.19506;-8.577331;-0.1497027;0.7189894
269567447;41.19667;-8.576294;-0.1496846;0.7190174
428672165;41.19466;-8.576431;-0.149687;0.7189824
428672166;41.19452;-8.575343;-0.149668;0.7189799
428672168;41.19438;-8.573792;-0.1496409;0.7189776
428672169;41.19442;-8.572822;-0.149624;0.7189782
428672170;41.19438;-8.57164;-0.1496033;0.7189775
428672186;41.19536;-8.574093;-0.1496461;0.7189947
428672187;41.19579;-8.574468;-0.1496527;0.7190022
428672191;41.19693;-8.576172;-0.1496824;0.7190222
436639184;41.19079;-8.592808;-0.1499728;0.7189149
436639185;41.19097;-8.592612;-0.1499694;0.718918
436639186;41.19162;-8.591523;-0.1499504;0.7189294
444041608;41.186;-8.581134;-0.149769;0.7188312
444041624;41.18333;-8.582485;-0.1497926;0.7187848
444058606;41.19131;-8.578815;-0.1497286;0.7189239
444058607;41.19173;-8.578636;-0.1497255;0.7189313
444058610;41.19303;-8.577131;-0.1496992;0.718954
444058611;41.19307;-8.576594;-0.1496898;0.7189547
444058614;41.19038;-8.580437;-0.1497569;0.7189078
444058615;41.19146;-8.580111;-0.1497512;0.7189266
444058616;41.19109;-8.577374;-0.1497034;0.7189201
444058617;41.19273;-8.576585;-0.1496896;0.7189488
444058619;41.19233;-8.576531;-0.1496887;0.7189417
444058620;41.19211;-8.576668;-0.1496911;0.718938
444058621;41.19173;-8.576955;-0.1496961;0.7189313
444058622;41.19096;-8.577456;-0.1497048;0.7189178
444058623;41.1901;-8.577769;-0.1497103;0.7189028
444058624;41.19173;-8.577819;-0.1497112;0.7189313
444058625;41.19429;-8.577075;-0.1496982;0.7189761
444058627;41.19369;-8.576697;-0.1496916;0.7189655
444058628;41.19289;-8.575546;-0.1496715;0.7189516
444058630;41.19235;-8.573865;-0.1496422;0.7189421
444058632;41.1936;-8.573331;-0.1496329;0.7189639
444058633;41.19097;-8.574953;-0.1496612;0.7189181
444058634;41.1923;-8.572997;-0.149627;0.7189413
444058668;41.18925;-8.581707;-0.149779;0.7188881
444058669;41.1895;-8.581299;-0.1497719;0.7188925
444058670;41.18975;-8.580954;-0.1497659;0.7188967
444058671;41.18992;-8.580784;-0.1497629;0.7188998
444058673;41.1896;-8.581962;-0.1497835;0.7188942
444058674;41.18983;-8.582122;-0.1497863;0.7188982
444058675;41.19013;-8.582334;-0.14979;0.7189034
444058676;41.19057;-8.582904;-0.1497999;0.7189112
444058677;41.19078;-8.582813;-0.1497983;0.7189147
444058678;41.19117;-8.583268;-0.1498063;0.7189215
444058679;41.19157;-8.583531;-0.1498109;0.7189286
444058680;41.19171;-8.583586;-0.1498118;0.718931
444058681;41.19207;-8.583687;-0.1498136;0.7189372
444058682;41.19234;-8.583655;-0.149813;0.718942
444058683;41.19265;-8.58355;-0.1498112;0.7189474
444058684;41.19383;-8.583095;-0.1498033;0.718968
444058685;41.19434;-8.583001;-0.1498016;0.7189769
444058686;41.19359;-8.580918;-0.1497653;0.7189637
444058687;41.19567;-8.581238;-0.1497709;0.7190001
444058690;41.1953;-8.580905;-0.149765;0.7189937
444058691;41.19509;-8.580859;-0.1497642;0.7189899
444058704;41.19334;-8.580926;-0.1497654;0.7189595
444058706;41.19297;-8.580939;-0.1497656;0.718953
444058710;41.19254;-8.580886;-0.1497647;0.7189454
444058712;41.19213;-8.582258;-0.1497887;0.7189383
444058716;41.19225;-8.582105;-0.149786;0.7189404
444058718;41.19219;-8.582023;-0.1497846;0.7189394
444058720;41.19207;-8.582116;-0.1497862;0.7189372
444058724;41.19182;-8.582023;-0.1497846;0.7189329
444058726;41.19143;-8.581889;-0.1497822;0.7189261
444058728;41.19389;-8.580879;-0.1497646;0.7189689
444058730;41.19366;-8.580215;-0.149753;0.718965
444058732;41.19429;-8.579335;-0.1497376;0.718976
444058734;41.19473;-8.578734;-0.1497272;0.7189837
444058742;41.19373;-8.57856;-0.1497241;0.7189663
444058744;41.194;-8.577566;-0.1497068;0.7189709
444058746;41.1935;-8.578446;-0.1497221;0.7189622
444058748;41.19337;-8.578655;-0.1497258;0.7189599
444058750;41.19284;-8.579491;-0.1497404;0.7189507
444060328;41.19147;-8.583488;-0.1498101;0.7189268
444060329;41.19126;-8.583919;-0.1498176;0.7189231
444060331;41.19052;-8.584187;-0.1498223;0.7189102
444060332;41.19052;-8.584423;-0.1498265;0.7189102
445028185;41.18507;-8.581784;-0.1497804;0.7188151
445053680;41.19183;-8.590997;-0.1499412;0.7189331
445053682;41.19277;-8.58943;-0.1499138;0.7189495
445053685;41.19347;-8.588283;-0.1498938;0.7189618
445053687;41.19361;-8.587932;-0.1498877;0.7189642
445053689;41.19382;-8.587224;-0.1498753;0.7189679
445053690;41.19387;-8.586989;-0.1498712;0.7189686
445053691;41.19392;-8.586564;-0.1498638;0.7189696
445053692;41.19403;-8.585947;-0.1498531;0.7189716
445053693;41.19409;-8.585791;-0.1498503;0.7189726
445053694;41.19428;-8.585574;-0.1498465;0.7189758
445053695;41.19462;-8.58529;-0.1498416;0.7189818
445053696;41.19484;-8.585097;-0.1498382;0.7189857
445053697;41.19502;-8.584946;-0.1498356;0.7189888
445053698;41.19514;-8.584862;-0.1498341;0.7189908
445053699;41.19524;-8.584813;-0.1498333;0.7189927
445053700;41.19534;-8.584805;-0.1498331;0.7189943
445053701;41.19546;-8.584827;-0.1498335;0.7189963
445053702;41.19554;-8.584883;-0.1498345;0.7189978
445053703;41.19564;-8.584944;-0.1498355;0.7189996
445053704;41.19577;-8.584995;-0.1498364;0.7190019
445053705;41.19589;-8.584994;-0.1498364;0.7190039
445053706;41.19607;-8.584963;-0.1498359;0.719007
445053707;41.19651;-8.584737;-0.1498319;0.7190147
445053710;41.19659;-8.584595;-0.1498294;0.7190161
445053711;41.19672;-8.58436;-0.1498253;0.7190185
445053712;41.19686;-8.584265;-0.1498237;0.7190208
445053713;41.19692;-8.584242;-0.1498233;0.7190219
445053715;41.1973;-8.584146;-0.1498216;0.7190285
445053719;41.19801;-8.584114;-0.1498211;0.719041
445053721;41.19817;-8.584082;-0.1498205;0.7190436
445053725;41.19404;-8.585588;-0.1498468;0.7189716
445053726;41.19399;-8.585362;-0.1498428;0.7189707
445053727;41.19395;-8.585267;-0.1498412;0.7189701
445061042;41.19209;-8.582053;-0.1497851;0.7189376
445061052;41.19211;-8.582242;-0.1497884;0.7189379
445061057;41.19224;-8.58207;-0.1497854;0.7189402
445061067;41.19164;-8.581186;-0.14977;0.7189296
445061071;41.1914;-8.581169;-0.1497696;0.7189255
445061073;41.19126;-8.581153;-0.1497694;0.7189232
445061076;41.19118;-8.581149;-0.1497693;0.7189217
445061077;41.19108;-8.581156;-0.1497694;0.71892
445061081;41.19102;-8.581208;-0.1497703;0.7189189
445061082;41.19088;-8.581378;-0.1497733;0.7189164
445061085;41.19032;-8.58202;-0.1497845;0.7189067
445353536;41.194;-8.573846;-0.1496418;0.718971
445353537;41.19286;-8.572187;-0.1496129;0.718951
445353544;41.19451;-8.575914;-0.1496779;0.7189798
445353619;41.195;-8.572861;-0.1496246;0.7189884
445353621;41.19554;-8.572896;-0.1496253;0.7189978
445353645;41.19194;-8.576004;-0.1496795;0.718935
445353646;41.19218;-8.575859;-0.149677;0.7189392
445353647;41.1923;-8.575912;-0.1496779;0.7189413
445353648;41.1956;-8.58117;-0.1497697;0.7189988
1103464865;41.18117;-8.583275;-0.1498064;0.718747
1234721381;41.19228;-8.590241;-0.149928;0.7189409
1647909982;41.19448;-8.582929;-0.1498004;0.7189793
1647909983;41.19463;-8.582799;-0.1497981;0.718982
1647909984;41.19478;-8.582624;-0.1497951;0.7189845
1647949082;41.1917;-8.580516;-0.1497582;0.7189307
1647949083;41.19157;-8.580079;-0.1497506;0.7189285
1647949084;41.19193;-8.580618;-0.14976;0.7189348
1647949085;41.1922;-8.580663;-0.1497608;0.7189396
1647949087;41.19243;-8.580771;-0.1497627;0.7189436
1647949103;41.19444;-8.580497;-0.1497579;0.7189785
1647949105;41.19442;-8.580849;-0.1497641;0.7189783
1647949107;41.19455;-8.580162;-0.1497521;0.7189806
1647949108;41.19466;-8.578825;-0.1497287;0.7189825
1647949110;41.1949;-8.577434;-0.1497045;0.7189866
1647949112;41.19511;-8.57939;-0.1497386;0.7189903
1647949114;41.19513;-8.574013;-0.1496447;0.7189906
1647949154;41.19645;-8.575109;-0.1496639;0.7190137
1650259043;41.19331;-8.58452;-0.1498282;0.718959
1650259044;41.1908;-8.585005;-0.1498366;0.718915
1650259058;41.19085;-8.586265;-0.1498586;0.718916
1650259063;41.19054;-8.583706;-0.1498139;0.7189106
1650259070;41.19059;-8.585074;-0.1498378;0.7189115
1650259074;41.19328;-8.584634;-0.1498301;0.7189583
1650259080;41.18908;-8.58207;-0.1497854;0.7188851
1650259083;41.1936;-8.584609;-0.1498297;0.7189639
1650259087;41.1936;-8.584681;-0.1498309;0.7189639
1650259096;41.19347;-8.584871;-0.1498343;0.7189616
1650259102;41.18914;-8.582329;-0.1497899;0.7188861
1650259104;41.19328;-8.584696;-0.1498312;0.7189583
1650259106;41.19072;-8.586197;-0.1498574;0.7189137
1650259112;41.19329;-8.584755;-0.1498322;0.7189586
1650259113;41.19355;-8.584807;-0.1498332;0.7189631
1650259114;41.19354;-8.584491;-0.1498276;0.718963
1650259116;41.19329;-8.584574;-0.1498291;0.7189585
1650259120;41.19316;-8.583353;-0.1498078;0.7189564
1650259121;41.19341;-8.584872;-0.1498343;0.7189607
1650259122;41.19001;-8.583182;-0.1498048;0.7189012
1650259125;41.18904;-8.582149;-0.1497868;0.7188844
1650259133;41.19336;-8.584851;-0.1498339;0.7189598
1650259134;41.19344;-8.584441;-0.1498268;0.7189612
1650259138;41.19358;-8.584543;-0.1498285;0.7189636
1650259140;41.19386;-8.585126;-0.1498387;0.7189685
1650259146;41.19352;-8.584849;-0.1498339;0.7189625
1650259148;41.1886;-8.580648;-0.1497606;0.7188767
1650259151;41.19349;-8.584455;-0.149827;0.7189621
1650259156;41.18918;-8.582377;-0.1497907;0.7188869
1650259158;41.19339;-8.584452;-0.1498269;0.7189603
1650259159;41.19067;-8.584388;-0.1498258;0.7189128
1650259165;41.19053;-8.584003;-0.1498191;0.7189103
1650427286;41.1955;-8.581092;-0.1497683;0.7189972
1650812884;41.18915;-8.573438;-0.1496347;0.7188863
1650812905;41.18946;-8.576577;-0.1496895;0.7188916
1650812916;41.1895;-8.576453;-0.1496873;0.7188923
1650812923;41.18981;-8.576261;-0.149684;0.7188978
1650812927;41.19014;-8.579362;-0.1497381;0.7189035
1650812939;41.1902;-8.575866;-0.1496771;0.7189046
1650812945;41.1904;-8.575699;-0.1496742;0.7189081
1650812954;41.19086;-8.575046;-0.1496628;0.7189162
1651479403;41.18881;-8.577617;-0.1497077;0.7188804
1651479409;41.19019;-8.576948;-0.149696;0.7189044
1651479413;41.19003;-8.576469;-0.1496876;0.7189016
1651479419;41.19035;-8.577677;-0.1497087;0.7189072
1651648715;41.19638;-8.576421;-0.1496868;0.7190124
1651648727;41.19612;-8.576552;-0.1496891;0.719008
1654268289;41.18979;-8.580642;-0.1497605;0.7188975
1696370795;41.18263;-8.582741;-0.1497971;0.7187725
1696378885;41.1972;-8.576076;-0.1496807;0.7190267
1710256532;41.19589;-8.572192;-0.149613;0.7190039
1710256539;41.19563;-8.572831;-0.1496241;0.7189994
1710256541;41.19574;-8.572323;-0.1496153;0.7190013
1728071462;41.18524;-8.581716;-0.1497792;0.718818
1728072258;41.19153;-8.580419;-0.1497566;0.7189279
1728072331;41.19285;-8.579368;-0.1497382;0.7189509
1728072334;41.19309;-8.579321;-0.1497374;0.718955
1728072512;41.19432;-8.583549;-0.1498112;0.7189766
1728072520;41.19442;-8.583618;-0.1498124;0.7189782
1728072523;41.19447;-8.583766;-0.149815;0.7189791
1728072525;41.19452;-8.583864;-0.1498167;0.7189801
1728072529;41.19454;-8.58393;-0.1498178;0.7189803
1728072534;41.19462;-8.584014;-0.1498193;0.7189818
1728072539;41.19478;-8.583756;-0.1498148;0.7189845
1728072543;41.19485;-8.583695;-0.1498137;0.7189859
1728072568;41.1949;-8.583712;-0.149814;0.7189866
1731171300;41.18948;-8.576696;-0.1496916;0.7188921
1731171305;41.18958;-8.576411;-0.1496866;0.7188937
1731171307;41.18967;-8.580555;-0.1497589;0.7188954
1731171309;41.18974;-8.580654;-0.1497607;0.7188965
1731171324;41.18985;-8.580631;-0.1497603;0.7188986
1731171325;41.18988;-8.580519;-0.1497583;0.718899
1731171328;41.19003;-8.576067;-0.1496806;0.7189017
1731171329;41.19033;-8.575801;-0.149676;0.7189068
1731171332;41.19046;-8.575771;-0.1496754;0.7189092
1731171333;41.1905;-8.575776;-0.1496755;0.7189099
1731171338;41.19086;-8.575205;-0.1496656;0.7189161
1731171339;41.19092;-8.575512;-0.1496709;0.7189172
1731171340;41.19093;-8.57545;-0.1496698;0.7189174
1731171355;41.19196;-8.574385;-0.1496512;0.7189353
1731171357;41.19208;-8.574264;-0.1496491;0.7189374
1731171358;41.19222;-8.582042;-0.1497849;0.7189398
1731171361;41.1923;-8.57394;-0.1496435;0.7189412
1731171364;41.19266;-8.572282;-0.1496145;0.7189475
1731171367;41.19276;-8.572254;-0.1496141;0.7189493
1731171379;41.19298;-8.573359;-0.1496333;0.7189531
1731171384;41.1935;-8.573372;-0.1496336;0.7189622
1731171404;41.19442;-8.572513;-0.1496186;0.7189783
1731171405;41.19442;-8.573797;-0.149641;0.7189783
1738392403;41.19568;-8.576868;-0.1496946;0.7190002
1738392435;41.19605;-8.576593;-0.1496898;0.7190067
1903099837;41.19438;-8.574503;-0.1496533;0.7189776
1920047167;41.18515;-8.581753;-0.1497798;0.7188165
1920067540;41.19294;-8.577271;-0.1497016;0.7189525
1920067541;41.19233;-8.578261;-0.1497189;0.7189417
1920067542;41.19218;-8.578413;-0.1497215;0.7189392
2512124591;41.19193;-8.585626;-0.1498474;0.7189347
3122349593;41.18828;-8.580606;-0.1497598;0.7188711
3499996594;41.19064;-8.585522;-0.1498456;0.7189124
3499996595;41.19099;-8.586227;-0.1498579;0.7189183
3499996596;41.19221;-8.585449;-0.1498444;0.7189397
3499996597;41.19315;-8.584846;-0.1498338;0.7189562
3499996598;41.19335;-8.58426;-0.1498236;0.7189596
3499996599;41.1932;-8.583529;-0.1498108;0.7189569
3499996600;41.19335;-8.584478;-0.1498274;0.7189596
3499996601;41.19358;-8.584748;-0.1498321;0.7189637
3499996602;41.19332;-8.584811;-0.1498332;0.7189591
3499996603;41.19061;-8.584144;-0.1498216;0.7189118
3553627543;41.19317;-8.573363;-0.1496334;0.7189565
3553669075;41.19322;-8.573364;-0.1496334;0.7189573
3553676217;41.19329;-8.573366;-0.1496335;0.7189586
3553678196;41.19278;-8.573356;-0.1496333;0.7189496
3553678456;41.19292;-8.573078;-0.1496284;0.7189522
3553690906;41.19257;-8.573562;-0.1496369;0.7189459
3553705575;41.1922;-8.57407;-0.1496457;0.7189396
3553717066;41.1924;-8.574072;-0.1496458;0.7189431
3553741632;41.19306;-8.575865;-0.1496771;0.7189546
3553741633;41.1933;-8.576173;-0.1496824;0.7189587
3553741635;41.19334;-8.576231;-0.1496835;0.7189595
3553741637;41.19376;-8.576784;-0.1496931;0.7189668
3553743652;41.19357;-8.575925;-0.1496781;0.7189635
3553743653;41.19376;-8.575686;-0.149674;0.7189667
3553743654;41.19451;-8.575762;-0.1496753;0.7189798
3553763402;41.1939;-8.575468;-0.1496702;0.7189692
3553778914;41.19407;-8.573945;-0.1496436;0.7189722
3553796516;41.19314;-8.577105;-0.1496987;0.7189559
3553796517;41.19296;-8.576627;-0.1496904;0.7189527
3553796518;41.19454;-8.576666;-0.1496911;0.7189803
3553796943;41.19445;-8.57486;-0.1496595;0.7189789
3553796944;41.19442;-8.574666;-0.1496562;0.7189783
3553796945;41.19435;-8.574238;-0.1496487;0.718977
3553796946;41.1942;-8.574678;-0.1496564;0.7189744
3553804038;41.19299;-8.576841;-0.1496941;0.7189533
3553823760;41.19427;-8.57443;-0.149652;0.7189756
3553823872;41.19438;-8.573863;-0.1496421;0.7189775
3553823873;41.19437;-8.574095;-0.1496462;0.7189773
3553847392;41.19395;-8.573915;-0.149643;0.7189701
3553847593;41.19296;-8.575456;-0.1496699;0.7189527
3553847594;41.19286;-8.575452;-0.1496699;0.7189511
3553847595;41.19294;-8.575624;-0.1496729;0.7189524
3553847596;41.19284;-8.575595;-0.1496724;0.7189507
3553847597;41.19261;-8.57612;-0.1496815;0.7189467
3553872993;41.19432;-8.574359;-0.1496508;0.7189764
3553955573;41.19341;-8.576153;-0.1496821;0.7189605
3553955574;41.19339;-8.576297;-0.1496846;0.7189603
3553955575;41.19328;-8.576314;-0.1496849;0.7189584
3553955576;41.19451;-8.575516;-0.149671;0.7189798
3553955577;41.19448;-8.575758;-0.1496752;0.7189792
3553955578;41.19382;-8.576816;-0.1496937;0.7189677
3553955579;41.19354;-8.576495;-0.1496881;0.718963
3553955580;41.19376;-8.576204;-0.149683;0.7189668
3553955581;41.19367;-8.576072;-0.1496807;0.7189652
3553955582;41.19386;-8.576362;-0.1496858;0.7189685
3553955583;41.19383;-8.576314;-0.1496849;0.718968
3553955584;41.19387;-8.576601;-0.1496899;0.7189687
3553955585;41.19421;-8.577023;-0.1496973;0.7189745
3553955586;41.19463;-8.576346;-0.1496855;0.718982
3553955587;41.19461;-8.576505;-0.1496882;0.7189817
3553955588;41.19365;-8.576634;-0.1496905;0.7189648
3553955589;41.19358;-8.576447;-0.1496872;0.7189636
3553955590;41.19371;-8.576276;-0.1496843;0.7189659
3553955591;41.19354;-8.573355;-0.1496333;0.7189629
3553970499;41.19387;-8.576381;-0.1496861;0.7189686
3553970500;41.19362;-8.576;-0.1496794;0.7189643
3554456867;41.19003;-8.579391;-0.1497386;0.7189016
3554456872;41.19069;-8.575658;-0.1496735;0.7189132
3554456873;41.19198;-8.574362;-0.1496508;0.7189357
3554456874;41.18887;-8.577702;-0.1497091;0.7188813
3554456877;41.19393;-8.577527;-0.1497061;0.7189696
3554982013;41.19258;-8.574623;-0.1496554;0.7189462
3554982014;41.19246;-8.574704;-0.1496568;0.718944
3554982015;41.19236;-8.574435;-0.1496521;0.7189423
3554982016;41.19254;-8.574949;-0.1496611;0.7189454
3554982017;41.1925;-8.574859;-0.1496595;0.7189448
3555897840;41.19213;-8.57279;-0.1496234;0.7189382
3558598782;41.19013;-8.576062;-0.1496805;0.7189034
3559508493;41.19134;-8.575858;-0.149677;0.7189245
3559508494;41.19153;-8.576443;-0.1496872;0.7189279
3559508495;41.19185;-8.576254;-0.1496839;0.7189335
3559508496;41.19146;-8.576234;-0.1496835;0.7189266
3559508497;41.19106;-8.576473;-0.1496877;0.7189195
3559508498;41.19056;-8.576777;-0.149693;0.7189108
3559508499;41.19057;-8.576893;-0.149695;0.718911
3559508500;41.19065;-8.577159;-0.1496997;0.7189125
3559508501;41.19104;-8.576598;-0.1496899;0.7189193
3559605022;41.18935;-8.573464;-0.1496352;0.7188898
3559605023;41.18948;-8.573743;-0.14964;0.718892
3559605024;41.18986;-8.574018;-0.1496449;0.7188987
3559605025;41.18998;-8.574336;-0.1496504;0.7189007
3559605026;41.18999;-8.574814;-0.1496587;0.7189009
3559605027;41.19019;-8.574132;-0.1496468;0.7189044
3559605028;41.19046;-8.574483;-0.149653;0.7189091
3559605029;41.19;-8.574047;-0.1496454;0.7189012
3559605030;41.18995;-8.573707;-0.1496394;0.7189001
3559605031;41.1897;-8.573888;-0.1496426;0.718896
3559605032;41.18966;-8.574845;-0.1496593;0.7188952
3559605033;41.18999;-8.574559;-0.1496543;0.718901
3559605034;41.18994;-8.574833;-0.1496591;0.7189
3559605035;41.18995;-8.574533;-0.1496538;0.7189002
3559605036;41.19;-8.574485;-0.149653;0.7189011
3559605037;41.1899;-8.574028;-0.149645;0.7188994
3559605038;41.19031;-8.574274;-0.1496493;0.7189066
3559605039;41.18973;-8.574911;-0.1496604;0.7188964
3559605040;41.19015;-8.574969;-0.1496615;0.7189037
3559605041;41.19041;-8.574411;-0.1496517;0.7189082
3559605042;41.19029;-8.5754;-0.149669;0.7189062
3559605043;41.18996;-8.573763;-0.1496404;0.7189004
3559605044;41.1901;-8.573642;-0.1496383;0.7189029
3563231004;41.18984;-8.574866;-0.1496596;0.7188984
3573222465;41.19034;-8.583591;-0.1498119;0.718907
3573222478;41.19147;-8.58287;-0.1497993;0.7189268
3573222479;41.19147;-8.582848;-0.1497989;0.7189267
3573222480;41.19149;-8.582889;-0.1497997;0.7189271
3573222481;41.19147;-8.582824;-0.1497985;0.7189267
3573222482;41.19158;-8.582849;-0.149799;0.7189288
3573222483;41.19156;-8.582775;-0.1497977;0.7189284
3573222485;41.19158;-8.582822;-0.1497985;0.7189288
3573222486;41.19158;-8.582797;-0.1497981;0.7189286
3573222487;41.19165;-8.582638;-0.1497953;0.7189299
3573222490;41.19353;-8.579151;-0.1497344;0.7189627
3573222491;41.19359;-8.579063;-0.1497329;0.7189638
3573222493;41.19363;-8.579268;-0.1497365;0.7189644
3573222501;41.19398;-8.578908;-0.1497302;0.7189707
3573222504;41.19439;-8.571731;-0.1496049;0.7189777
3573222506;41.19482;-8.580855;-0.1497642;0.7189853
3573222509;41.19541;-8.574132;-0.1496468;0.7189956
3587757190;41.19387;-8.576719;-0.149692;0.7189687
3587772034;41.19323;-8.57715;-0.1496995;0.7189575
3587772035;41.19291;-8.576619;-0.1496902;0.7189519
4381481578;41.19488;-8.585069;-0.1498377;0.7189863
4405148046;41.19479;-8.582112;-0.1497861;0.7189847
4405157294;41.19364;-8.579256;-0.1497363;0.7189646
4408373553;41.18684;-8.580688;-0.1497613;0.7188459
4411479459;41.19379;-8.578632;-0.1497254;0.7189672
4411479460;41.1943;-8.578145;-0.1497169;0.7189761
4411559225;41.19157;-8.582873;-0.1497994;0.7189286
4411559226;41.19156;-8.582893;-0.1497997;0.7189283
4411559227;41.19154;-8.582906;-0.1498;0.718928
4411559228;41.19152;-8.58291;-0.1498;0.7189277
4411559229;41.1915;-8.582904;-0.1497999;0.7189273
4411559230;41.19147;-8.5828;-0.1497981;0.7189268
4411559231;41.19148;-8.58278;-0.1497978;0.718927
4411559232;41.1915;-8.582765;-0.1497975;0.7189273
4411559233;41.19151;-8.582757;-0.1497974;0.7189275
4411559234;41.19153;-8.582756;-0.1497974;0.7189279
4411559235;41.19155;-8.582762;-0.1497975;0.7189282
4411559236;41.19212;-8.582031;-0.1497847;0.7189381
4411559237;41.19214;-8.582018;-0.1497845;0.7189385
4411559238;41.19217;-8.582015;-0.1497844;0.7189389
4411559239;41.19225;-8.582144;-0.1497867;0.7189404
4411559240;41.19225;-8.582182;-0.1497873;0.7189404
4411559241;41.19223;-8.582216;-0.1497879;0.7189401
4411559242;41.19221;-8.582243;-0.1497884;0.7189398
4411559243;41.19219;-8.582259;-0.1497887;0.7189393
4411559244;41.19216;-8.582265;-0.1497888;0.7189388
4411559245;41.19209;-8.582217;-0.1497879;0.7189375
4411559246;41.19207;-8.582187;-0.1497874;0.7189373
4411559247;41.19207;-8.582151;-0.1497868;0.7189372
4412388679;41.19371;-8.58203;-0.1497847;0.7189659
4412388680;41.19399;-8.581953;-0.1497833;0.7189708
4412388681;41.19408;-8.581734;-0.1497795;0.7189723
4412388682;41.19415;-8.581602;-0.1497772;0.7189735
4412388683;41.19421;-8.581537;-0.1497761;0.7189745
4412388684;41.19426;-8.581227;-0.1497707;0.7189755
4412388685;41.1943;-8.580994;-0.1497666;0.7189761
4412388686;41.19432;-8.580844;-0.149764;0.7189766
4412388687;41.19447;-8.580303;-0.1497545;0.7189791
4412388688;41.19181;-8.581203;-0.1497702;0.7189327
4412388789;41.19165;-8.581965;-0.1497836;0.71893
4412388790;41.1952;-8.580862;-0.1497643;0.7189919
4412388791;41.1954;-8.58099;-0.1497665;0.7189955
4412388799;41.1893;-8.581626;-0.1497776;0.7188889
4412388800;41.18982;-8.580861;-0.1497643;0.7188981
4412388801;41.19014;-8.580624;-0.1497601;0.7189036
4412467935;41.19093;-8.582397;-0.1497911;0.7189173
4412467936;41.19053;-8.581774;-0.1497802;0.7189104
4412468314;41.18981;-8.579115;-0.1497338;0.7188978
4412468315;41.18921;-8.579515;-0.1497408;0.7188874
4412468316;41.18895;-8.579853;-0.1497467;0.7188827
4412468317;41.18927;-8.579473;-0.14974;0.7188885
4412468318;41.18914;-8.579276;-0.1497366;0.7188861
4412468319;41.18937;-8.578979;-0.1497314;0.7188901
4412468320;41.18957;-8.579275;-0.1497366;0.7188936
4412468321;41.18925;-8.579131;-0.1497341;0.7188881
4412468322;41.18942;-8.579377;-0.1497384;0.718891
4412468323;41.18911;-8.580648;-0.1497606;0.7188855
4412468324;41.1891;-8.579658;-0.1497433;0.7188854
4412468344;41.1892;-8.578197;-0.1497178;0.7188871
4412488914;41.19305;-8.58898;-0.149906;0.7189544
4412488942;41.19363;-8.581278;-0.1497716;0.7189644
4412488943;41.19328;-8.581354;-0.1497729;0.7189583
4412488944;41.19332;-8.581685;-0.1497787;0.718959
4413322399;41.19709;-8.576115;-0.1496814;0.7190248
4414948831;41.19473;-8.58214;-0.1497866;0.7189836
4414948832;41.19467;-8.582115;-0.1497862;0.7189826
4414948833;41.19464;-8.582063;-0.1497853;0.718982
4414948834;41.19463;-8.582014;-0.1497844;0.718982
4414948835;41.19465;-8.581971;-0.1497837;0.7189823
4414948836;41.19469;-8.581893;-0.1497823;0.7189829
4414948837;41.19473;-8.5818;-0.1497807;0.7189837
4415005021;41.19254;-8.589823;-0.1499207;0.7189454
4418972179;41.19351;-8.588197;-0.1498923;0.7189624
4419094418;41.19499;-8.580857;-0.1497642;0.7189882
4420934368;41.18582;-8.581279;-0.1497716;0.7188282
4422128036;41.19142;-8.58117;-0.1497697;0.7189258
4422128037;41.19134;-8.581908;-0.1497826;0.7189245
4422128045;41.19094;-8.581301;-0.149772;0.7189175
4422128049;41.19032;-8.582463;-0.1497922;0.7189066
4422205989;41.18134;-8.583211;-0.1498053;0.7187499
4422206019;41.18414;-8.582174;-0.1497872;0.7187989
4422206022;41.195;-8.57719;-0.1497002;0.7189883
4422206023;41.19501;-8.577228;-0.1497009;0.7189886
4422206024;41.19519;-8.577242;-0.1497011;0.7189917
4422206025;41.19589;-8.576697;-0.1496916;0.719004
4422206026;41.19701;-8.576141;-0.1496819;0.7190235
4440863269;41.19127;-8.576349;-0.1496855;0.7189232
4440887817;41.19025;-8.575903;-0.1496777;0.7189055
4478129861;41.19025;-8.575166;-0.1496649;0.7189056
4492973931;41.19028;-8.584587;-0.1498293;0.7189061
4492973932;41.19035;-8.584491;-0.1498276;0.7189072
4492973933;41.1904;-8.584444;-0.1498268;0.7189081
4492973934;41.19044;-8.584424;-0.1498265;0.7189087
4492973935;41.19048;-8.584418;-0.1498264;0.7189095
4492973940;41.19161;-8.582724;-0.1497968;0.7189292
4492973943;41.19474;-8.582685;-0.1497961;0.7189839
4492973944;41.19471;-8.582727;-0.1497969;0.7189832
4492973950;41.19476;-8.582139;-0.1497866;0.7189841
4492973955;41.19564;-8.581191;-0.14977;0.7189996
4492973956;41.19378;-8.578616;-0.1497251;0.718967
4492973957;41.19405;-8.577492;-0.1497055;0.7189717
4492973958;41.19306;-8.577111;-0.1496988;0.7189546
4492973959;41.19304;-8.576627;-0.1496904;0.7189541
4492973960;41.19299;-8.576632;-0.1496905;0.7189533
4492973961;41.19311;-8.577105;-0.1496987;0.7189553
4492973962;41.19242;-8.576529;-0.1496887;0.7189434
4492973963;41.19249;-8.576535;-0.1496888;0.7189445
4492973964;41.19255;-8.576806;-0.1496935;0.7189457
4492973965;41.19224;-8.577202;-0.1497004;0.7189402
4492973966;41.19181;-8.57688;-0.1496948;0.7189328
4492973967;41.19173;-8.577118;-0.1496989;0.7189314
4492973968;41.19172;-8.578462;-0.1497224;0.7189312
4492973969;41.19174;-8.577416;-0.1497042;0.7189314
4492973970;41.19156;-8.577063;-0.149698;0.7189283
4492973971;41.19111;-8.577496;-0.1497055;0.7189205
4492973972;41.19139;-8.578782;-0.149728;0.7189255
4492973973;41.1913;-8.578732;-0.1497271;0.7189238
4492973974;41.19122;-8.578087;-0.1497159;0.7189224
4492973975;41.19132;-8.578895;-0.14973;0.7189241
4492973976;41.19119;-8.578842;-0.149729;0.718922
4492973977;41.19019;-8.579325;-0.1497375;0.7189044
4492973978;41.18998;-8.579375;-0.1497383;0.7189008
4492973979;41.18975;-8.579158;-0.1497346;0.7188967
4492973980;41.18986;-8.579176;-0.1497349;0.7188987
4492973981;41.1901;-8.579225;-0.1497357;0.7189029
4492974711;41.18257;-8.582761;-0.1497974;0.7187714
4492974713;41.18432;-8.582098;-0.1497859;0.718802
4492974739;41.1895;-8.582691;-0.1497962;0.7188925
4492974740;41.18983;-8.582998;-0.1498016;0.7188982
4492974741;41.19107;-8.583182;-0.1498048;0.7189199
4492974742;41.19129;-8.583364;-0.149808;0.7189237
4492974743;41.19142;-8.583458;-0.1498096;0.718926
4492974744;41.19178;-8.583404;-0.1498087;0.7189323
4492974746;41.19397;-8.581973;-0.1497837;0.7189704
4492974747;41.19402;-8.581916;-0.1497827;0.7189712
4492974748;41.19418;-8.581574;-0.1497767;0.7189741
4492974749;41.19413;-8.58085;-0.1497641;0.7189732
4492974750;41.19387;-8.580757;-0.1497625;0.7189687
4492974751;41.19437;-8.579232;-0.1497359;0.7189774
4492974752;41.19501;-8.579533;-0.1497411;0.7189886
4492974784;41.19637;-8.584837;-0.1498337;0.7190122
4492974786;41.19616;-8.584935;-0.1498354;0.7190086
4492974787;41.19572;-8.584981;-0.1498362;0.7190009
4492974788;41.19519;-8.584833;-0.1498336;0.7189918
4492974789;41.19446;-8.585428;-0.149844;0.718979
4492974790;41.19406;-8.585847;-0.1498513;0.7189719
4492974791;41.19406;-8.585694;-0.1498486;0.718972
4492974796;41.19358;-8.584853;-0.1498339;0.7189637
4492974798;41.19095;-8.58625;-0.1498583;0.7189177
4492974799;41.19089;-8.586263;-0.1498585;0.7189166
4492974800;41.19071;-8.586116;-0.149856;0.7189135
4492974801;41.19052;-8.584306;-0.1498244;0.7189102
4492974802;41.19053;-8.583856;-0.1498165;0.7189104
4492974808;41.19114;-8.582153;-0.1497868;0.718921
4492974809;41.19136;-8.581891;-0.1497823;0.7189248
4492974810;41.19138;-8.581882;-0.1497821;0.7189252
4492974812;41.1931;-8.580933;-0.1497655;0.7189552
4492974813;41.19347;-8.580921;-0.1497653;0.7189616
4492974814;41.19425;-8.57928;-0.1497367;0.7189752
4492974815;41.19444;-8.580722;-0.1497619;0.7189785
4492974822;41.19409;-8.578164;-0.1497172;0.7189724
4492974823;41.19321;-8.579217;-0.1497356;0.7189571
4492974824;41.19036;-8.580324;-0.1497549;0.7189074
4492974825;41.18778;-8.580551;-0.1497589;0.7188624
4492974839;41.18126;-8.583242;-0.1498058;0.7187485
4492974840;41.18181;-8.583048;-0.1498024;0.7187582
4492974841;41.18341;-8.58246;-0.1497922;0.7187861
4492974842;41.18359;-8.582395;-0.149791;0.7187892
4492974843;41.18495;-8.581829;-0.1497812;0.718813
4492974844;41.18531;-8.581676;-0.1497785;0.7188193
4492974845;41.18567;-8.581408;-0.1497738;0.7188255
4492974846;41.18607;-8.581084;-0.1497682;0.7188325
4492974847;41.18625;-8.580954;-0.1497659;0.7188357
4492974848;41.18653;-8.580799;-0.1497632;0.7188405
4492974849;41.1882;-8.580595;-0.1497596;0.7188697
4492974850;41.18808;-8.58058;-0.1497594;0.7188677
4492974851;41.18843;-8.580626;-0.1497602;0.7188738
4492974852;41.18896;-8.580658;-0.1497607;0.718883
4492974853;41.1887;-8.580647;-0.1497605;0.7188784
4492974856;41.18932;-8.580625;-0.1497602;0.7188892
4492974857;41.18998;-8.580503;-0.149758;0.7189007
4492974858;41.19079;-8.580315;-0.1497547;0.7189149
4492974859;41.19124;-8.580177;-0.1497523;0.7189228
4492974860;41.19172;-8.580027;-0.1497497;0.7189311
4492974861;41.19289;-8.579463;-0.1497399;0.7189516
4492974862;41.19317;-8.579252;-0.1497362;0.7189565
4492974863;41.19427;-8.577984;-0.1497141;0.7189757
4492974871;41.19442;-8.582973;-0.1498011;0.7189783
4492974872;41.19221;-8.583687;-0.1498136;0.7189397
4492974873;41.19186;-8.583642;-0.1498128;0.7189336
4492974874;41.19134;-8.583766;-0.149815;0.7189245
4492974875;41.19129;-8.58388;-0.149817;0.7189237
4493046014;41.19083;-8.592759;-0.1499719;0.7189157
4493046015;41.19089;-8.592699;-0.1499709;0.7189167
4493046016;41.19117;-8.592247;-0.149963;0.7189216
4493046017;41.19136;-8.591961;-0.149958;0.7189249
4493046018;41.19138;-8.591933;-0.1499575;0.7189252
4493046298;41.18985;-8.580838;-0.1497639;0.7188984
4493046299;41.18979;-8.580892;-0.1497648;0.7188975
4493046300;41.19056;-8.582636;-0.1497952;0.7189109
4493046301;41.19093;-8.583025;-0.149802;0.7189174
4493046302;41.191;-8.58311;-0.1498035;0.7189186
4493046303;41.19112;-8.583229;-0.1498056;0.7189206
4493046304;41.19136;-8.583415;-0.1498089;0.7189248
4493046305;41.19251;-8.580832;-0.1497638;0.7189449
4493046306;41.19231;-8.580709;-0.1497616;0.7189415
4493046307;41.19207;-8.580632;-0.1497603;0.7189372
4493046308;41.19181;-8.580581;-0.1497594;0.7189327
4493046309;41.19175;-8.580551;-0.1497589;0.7189316
4493046310;41.19187;-8.580603;-0.1497598;0.7189338
4493046311;41.19104;-8.581177;-0.1497698;0.7189193
4493046312;41.19112;-8.581145;-0.1497692;0.7189206
4494873443;41.19292;-8.583447;-0.1498094;0.7189521
4494873444;41.19282;-8.582953;-0.1498008;0.7189503
4494941228;41.19092;-8.586262;-0.1498585;0.7189171
4494941229;41.19317;-8.583404;-0.1498087;0.7189565
4494941527;41.19214;-8.583691;-0.1498137;0.7189385
4494941528;41.19228;-8.583673;-0.1498134;0.7189409
4494941529;41.19197;-8.58367;-0.1498133;0.7189354
4494941530;41.19445;-8.580392;-0.1497561;0.7189787
4494941531;41.19451;-8.580224;-0.1497532;0.7189798
4494941532;41.19444;-8.580621;-0.1497601;0.7189785
4494941538;41.19283;-8.579449;-0.1497396;0.7189505
4494941539;41.19283;-8.579408;-0.1497389;0.7189506
4494941540;41.19143;-8.580315;-0.1497547;0.7189261
4494941541;41.19139;-8.580234;-0.1497533;0.7189254
4494941542;41.19163;-8.580337;-0.1497551;0.7189295
4494941543;41.19159;-8.580194;-0.1497526;0.7189288
4494941544;41.19157;-8.580137;-0.1497516;0.7189286
4494941545;41.1919;-8.57925;-0.1497362;0.7189342
4494941546;41.19137;-8.579363;-0.1497381;0.7189251
4494941547;41.19142;-8.579353;-0.149738;0.7189258
4494941548;41.18988;-8.580812;-0.1497634;0.718899
4496009478;41.19645;-8.584805;-0.1498331;0.7190137
4496009479;41.19648;-8.584776;-0.1498326;0.7190142
4496009480;41.19678;-8.584299;-0.1498243;0.7190195
4496229643;41.1894;-8.58146;-0.1497747;0.7188907
4496229644;41.18962;-8.581132;-0.149769;0.7188945
4496229645;41.19018;-8.580585;-0.1497595;0.7189043
4496229646;41.19019;-8.580549;-0.1497588;0.7189045
4496229647;41.1902;-8.580517;-0.1497583;0.7189046
4496229648;41.19019;-8.580477;-0.1497576;0.7189045
4496229649;41.19028;-8.58046;-0.1497573;0.7189061
4498987753;41.19476;-8.585171;-0.1498395;0.7189842
4502959810;41.18969;-8.574888;-0.14966;0.7188956
4502959811;41.19028;-8.575283;-0.1496669;0.718906
4502959812;41.19021;-8.575065;-0.1496631;0.7189049
4502959887;41.19209;-8.572705;-0.1496219;0.7189375
4502959888;41.19205;-8.572585;-0.1496198;0.718937
4502959889;41.19202;-8.572487;-0.1496181;0.7189363
4502959890;41.19201;-8.572452;-0.1496175;0.7189361
4541171593;41.19038;-8.583668;-0.1498133;0.7189078
4541171594;41.19043;-8.583636;-0.1498127;0.7189086
4541171595;41.19051;-8.583667;-0.1498132;0.71891
4541171596;41.19053;-8.58368;-0.1498135;0.7189103
4541171597;41.19041;-8.583591;-0.1498119;0.7189083
4541171598;41.19045;-8.58358;-0.1498117;0.718909
4541171599;41.19048;-8.583558;-0.1498114;0.7189096
4541171600;41.19052;-8.583518;-0.1498107;0.7189102
4541171601;41.19055;-8.583464;-0.1498097;0.7189108
4541171602;41.19044;-8.583733;-0.1498144;0.7189089
4541171603;41.19048;-8.583774;-0.1498151;0.7189095
4541171604;41.19035;-8.583632;-0.1498127;0.7189073
4541171605;41.19056;-8.582861;-0.1497992;0.7189109
4541171606;41.19056;-8.582789;-0.1497979;0.7189109
4541171607;41.19057;-8.58275;-0.1497972;0.718911
4541171608;41.19057;-8.582718;-0.1497967;0.7189112
4541171609;41.1906;-8.582698;-0.1497963;0.7189115
4541171610;41.19067;-8.582719;-0.1497967;0.7189129
4541171611;41.19065;-8.582748;-0.1497972;0.7189125
4541171612;41.1906;-8.582848;-0.1497989;0.7189115
4541171613;41.19059;-8.582871;-0.1497994;0.7189113
4541171614;41.19057;-8.582733;-0.1497969;0.7189111
4541171615;41.19059;-8.582705;-0.1497965;0.7189113
4541171616;41.19056;-8.582837;-0.1497988;0.7189109
4541171617;41.19061;-8.582823;-0.1497985;0.7189117
4541171618;41.19063;-8.582784;-0.1497978;0.7189121
4541171619;41.19064;-8.582692;-0.1497962;0.7189123
4541171620;41.19072;-8.582762;-0.1497975;0.7189137
4541171621;41.19208;-8.582082;-0.1497856;0.7189374
4541171622;41.19161;-8.580479;-0.1497576;0.7189292
4541171623;41.19165;-8.580501;-0.149758;0.71893
4541171624;41.19141;-8.580276;-0.1497541;0.7189257
4541171625;41.19138;-8.580192;-0.1497526;0.7189252
4541171626;41.1916;-8.580256;-0.1497537;0.7189291
4541171627;41.19157;-8.580451;-0.1497571;0.7189285
4541171628;41.19148;-8.580371;-0.1497557;0.7189269
4541181058;41.1918;-8.578598;-0.1497248;0.7189326
4541181059;41.19016;-8.579485;-0.1497403;0.718904
4541181060;41.18913;-8.578092;-0.1497159;0.7188858
4562008487;41.19265;-8.580907;-0.1497651;0.7189474
4562008488;41.19259;-8.580905;-0.149765;0.7189463
4562008789;41.19256;-8.5809;-0.149765;0.7189459
4562008815;41.18748;-8.580564;-0.1497591;0.7188572
4614309653;41.19451;-8.575393;-0.1496688;0.7189798
4614309654;41.19459;-8.575385;-0.1496687;0.7189813
4614309655;41.19474;-8.575327;-0.1496677;0.7189839
4614309657;41.19463;-8.582039;-0.1497848;0.7189819
4614309658;41.19471;-8.582135;-0.1497865;0.7189833
4614309659;41.19474;-8.582144;-0.1497867;0.7189838
4614333890;41.19561;-8.572872;-0.1496248;0.7189991
4614333891;41.19558;-8.572894;-0.1496252;0.7189985
4751802966;41.19342;-8.578584;-0.1497245;0.7189608
