292279456;41.23265;-8.62488;-0.1505325;0.7196454
292279457;41.23271;-8.62336;-0.150506;0.7196465
292279458;41.2327;-8.62314;-0.1505022;0.7196463
292279459;41.23266;-8.622899;-0.150498;0.7196456
292279461;41.23265;-8.622767;-0.1504957;0.7196454
292279462;41.23272;-8.621877;-0.1504801;0.7196466
292355479;41.23341;-8.620883;-0.1504628;0.7196588
292355483;41.23357;-8.620715;-0.1504599;0.7196615
292355485;41.23431;-8.62006;-0.1504484;0.7196744
292355487;41.23452;-8.619816;-0.1504442;0.7196782
292355488;41.23479;-8.619569;-0.1504399;0.7196829
292355489;41.2351;-8.619305;-0.1504352;0.7196882
292355490;41.23549;-8.618979;-0.1504295;0.719695
292355494;41.23552;-8.618931;-0.1504287;0.7196956
292355495;41.23571;-8.618752;-0.1504256;0.7196988
292355496;41.23584;-8.618592;-0.1504228;0.7197011
292355497;41.23594;-8.618409;-0.1504196;0.719703
292355498;41.23603;-8.618183;-0.1504157;0.7197044
292355499;41.23608;-8.617959;-0.1504118;0.7197053
292355500;41.23611;-8.617722;-0.1504076;0.7197059
292355501;41.23613;-8.617431;-0.1504025;0.7197063
292355502;41.23615;-8.617207;-0.1503986;0.7197067
292355512;41.23628;-8.615305;-0.1503654;0.7197089
292355514;41.23631;-8.614691;-0.1503547;0.7197093
292355590;41.23647;-8.612919;-0.1503238;0.7197122
292355608;41.23672;-8.609414;-0.1502626;0.7197165
292355610;41.23288;-8.621568;-0.1504747;0.7196495
292358191;41.23406;-8.621946;-0.1504814;0.7196701
292358192;41.23417;-8.621961;-0.1504816;0.719672
292358193;41.23505;-8.622019;-0.1504826;0.7196874
292358194;41.23618;-8.621976;-0.1504819;0.719707
292358195;41.23727;-8.621949;-0.1504814;0.7197261
292358196;41.23752;-8.621913;-0.1504808;0.7197305
292358197;41.23793;-8.621838;-0.1504795;0.7197376
292358201;41.23876;-8.621646;-0.1504761;0.7197521
292599454;41.23192;-8.623706;-0.1505121;0.7196328
292622858;41.23125;-8.620877;-0.1504627;0.7196211
292622860;41.23167;-8.621101;-0.1504666;0.7196283
292782494;41.23344;-8.623476;-0.150508;0.7196593
292782495;41.23337;-8.623418;-0.150507;0.719658
292782500;41.23333;-8.623518;-0.1505088;0.7196573
292782501;41.23327;-8.623631;-0.1505107;0.7196563
292782502;41.23322;-8.623739;-0.1505127;0.7196555
292782503;41.23317;-8.623868;-0.1505149;0.7196546
292782504;41.23315;-8.624039;-0.1505179;0.7196543
292782505;41.23314;-8.624175;-0.1505203;0.7196541
292782506;41.23314;-8.62431;-0.1505226;0.7196541
292782507;41.23315;-8.624445;-0.150525;0.7196543
292782508;41.23315;-8.624537;-0.1505266;0.7196543
292782509;41.23316;-8.624632;-0.1505282;0.7196544
292782510;41.23316;-8.624721;-0.1505298;0.7196544
292782511;41.23315;-8.624792;-0.150531;0.7196543
292782512;41.23314;-8.624826;-0.1505316;0.7196541
292782513;41.23309;-8.624898;-0.1505329;0.7196531
292782518;41.23278;-8.624893;-0.1505328;0.7196478
292782557;41.2361;-8.624013;-0.1505174;0.7197057
292782718;41.23746;-8.62415;-0.1505198;0.7197294
292782719;41.23748;-8.623628;-0.1505107;0.7197298
292782720;41.23748;-8.623251;-0.1505041;0.7197297
292782721;41.2375;-8.622854;-0.1504972;0.7197301
292782722;41.23752;-8.622435;-0.1504899;0.7197305
292782723;41.23752;-8.622171;-0.1504853;0.7197305
292782724;41.23753;-8.621984;-0.150482;0.7197306
292782743;41.23879;-8.621292;-0.1504699;0.7197527
292782747;41.23906;-8.620153;-0.1504501;0.7197574
292782749;41.23908;-8.61984;-0.1504446;0.7197577
292782750;41.23904;-8.619564;-0.1504398;0.719757
292782755;41.23895;-8.619351;-0.1504361;0.7197554
292782763;41.23825;-8.618103;-0.1504143;0.7197433
292782765;41.23811;-8.617841;-0.1504097;0.7197408
292782774;41.23711;-8.616031;-0.1503781;0.7197233
292782775;41.2367;-8.615282;-0.150365;0.7197163
292782776;41.23663;-8.615186;-0.1503634;0.7197149
292782777;41.23587;-8.61495;-0.1503592;0.7197018
292782778;41.23563;-8.614895;-0.1503583;0.7196975
292782779;41.23546;-8.614813;-0.1503568;0.7196946
292782783;41.23426;-8.614174;-0.1503457;0.7196737
292782784;41.23377;-8.613917;-0.1503412;0.7196651
292782785;41.23367;-8.613866;-0.1503403;0.7196634
292782786;41.23357;-8.613817;-0.1503395;0.7196617
292782787;41.23346;-8.613763;-0.1503385;0.7196596
292782788;41.23299;-8.613503;-0.150334;0.7196515
292782789;41.23271;-8.61335;-0.1503313;0.7196466
292782790;41.23256;-8.613271;-0.1503299;0.719644
292782791;41.2325;-8.613239;-0.1503294;0.7196429
292782792;41.23232;-8.613212;-0.1503289;0.7196398
292782793;41.23221;-8.613215;-0.150329;0.7196379
292782794;41.23211;-8.613241;-0.1503294;0.719636
292782795;41.23185;-8.613287;-0.1503302;0.7196315
292782799;41.23105;-8.613421;-0.1503326;0.7196175
292782806;41.23152;-8.611444;-0.150298;0.7196257
292782824;41.23076;-8.61377;-0.1503386;0.7196125
292782922;41.23651;-8.615236;-0.1503642;0.7197129
292782923;41.23647;-8.615279;-0.150365;0.7197121
292782925;41.23619;-8.615233;-0.1503642;0.7197073
292782926;41.23615;-8.615178;-0.1503632;0.7197067
292782927;41.23611;-8.614973;-0.1503596;0.7197059
292782928;41.23613;-8.614892;-0.1503582;0.7197062
292782929;41.23616;-8.61482;-0.150357;0.7197067
292782930;41.2362;-8.614759;-0.1503559;0.7197074
292782931;41.23639;-8.614691;-0.1503547;0.7197108
292782934;41.23652;-8.614779;-0.1503562;0.719713
292782935;41.23658;-8.614938;-0.150359;0.7197142
292782936;41.23659;-8.615029;-0.1503606;0.7197142
292782937;41.23657;-8.615118;-0.1503622;0.719714
292782939;41.236;-8.623744;-0.1505127;0.7197039
292782940;41.23594;-8.623623;-0.1505106;0.7197029
292782941;41.23589;-8.623529;-0.150509;0.7197021
292782942;41.23578;-8.623307;-0.1505051;0.7197001
292782943;41.23565;-8.623108;-0.1505016;0.7196978
292782944;41.23552;-8.622902;-0.150498;0.7196956
292782945;41.2354;-8.622715;-0.1504948;0.7196935
292782946;41.23528;-8.622531;-0.1504916;0.7196915
292782947;41.23518;-8.622371;-0.1504888;0.7196897
292782948;41.23507;-8.62217;-0.1504853;0.7196877
292782949;41.23608;-8.623784;-0.1505134;0.7197055
292782950;41.23611;-8.623745;-0.1505127;0.7197059
292782952;41.23614;-8.623683;-0.1505117;0.7197064
292782959;41.23616;-8.623562;-0.1505096;0.7197068
292782960;41.23619;-8.623446;-0.1505075;0.7197073
292782961;41.2362;-8.623353;-0.1505059;0.7197075
292782962;41.23621;-8.623267;-0.1505044;0.7197077
292782963;41.23623;-8.623177;-0.1505028;0.719708
292782964;41.23624;-8.623078;-0.1505011;0.7197081
292782965;41.23626;-8.622955;-0.150499;0.7197085
292782966;41.23629;-8.622754;-0.1504955;0.7197091
293449816;41.23116;-8.621782;-0.1504785;0.7196196
293449818;41.2317;-8.621984;-0.150482;0.7196289
295232586;41.23125;-8.614284;-0.1503476;0.7196211
295232668;41.23039;-8.618307;-0.1504178;0.719606
295232676;41.23055;-8.617852;-0.1504099;0.7196088
295232688;41.23442;-8.61994;-0.1504463;0.7196764
295232689;41.23434;-8.619838;-0.1504446;0.7196751
295232690;41.23426;-8.619685;-0.1504419;0.7196736
295232691;41.23417;-8.619503;-0.1504387;0.7196721
295232692;41.23411;-8.619409;-0.1504371;0.719671
295232693;41.23405;-8.619334;-0.1504358;0.71967
295232694;41.23399;-8.619244;-0.1504342;0.7196689
295232695;41.23392;-8.619169;-0.1504329;0.7196676
295232696;41.23384;-8.619098;-0.1504316;0.7196664
295232697;41.23376;-8.619025;-0.1504304;0.7196649
295232698;41.23367;-8.618958;-0.1504292;0.7196633
295232699;41.23356;-8.61889;-0.150428;0.7196614
295232700;41.23346;-8.618848;-0.1504273;0.7196596
295232701;41.23335;-8.618815;-0.1504267;0.7196577
295232703;41.23311;-8.618795;-0.1504264;0.7196535
295232704;41.23301;-8.618797;-0.1504264;0.7196518
295232705;41.23292;-8.618803;-0.1504265;0.7196501
295232706;41.23278;-8.61882;-0.1504268;0.7196477
295232707;41.2326;-8.618833;-0.150427;0.7196446
295232708;41.23246;-8.618842;-0.1504272;0.7196421
295232709;41.23225;-8.618862;-0.1504275;0.7196385
295232710;41.23204;-8.618877;-0.1504278;0.719635
295232711;41.23189;-8.61889;-0.150428;0.7196322
295232712;41.23182;-8.61889;-0.150428;0.7196311
295232713;41.23175;-8.618884;-0.1504279;0.7196298
295232714;41.23166;-8.618867;-0.1504276;0.7196282
295232715;41.23154;-8.618833;-0.150427;0.7196262
295232716;41.23144;-8.618795;-0.1504264;0.7196244
295232717;41.23133;-8.618743;-0.1504254;0.7196225
295232718;41.23122;-8.618687;-0.1504245;0.7196206
295232720;41.23103;-8.618602;-0.150423;0.7196171
295232721;41.23101;-8.618595;-0.1504229;0.7196169
295232722;41.23086;-8.618526;-0.1504217;0.7196142
295232723;41.23072;-8.61846;-0.1504205;0.7196118
295232724;41.2306;-8.618408;-0.1504196;0.7196097
295232727;41.23402;-8.619416;-0.1504372;0.7196694
295232728;41.23385;-8.619705;-0.1504422;0.7196665
295232729;41.23371;-8.619821;-0.1504443;0.719664
295232730;41.23363;-8.619891;-0.1504455;0.7196625
295232731;41.23354;-8.619917;-0.1504459;0.7196611
295232732;41.23346;-8.619901;-0.1504457;0.7196597
295232733;41.23333;-8.619831;-0.1504444;0.7196574
295232734;41.23316;-8.619749;-0.150443;0.7196544
295232735;41.23301;-8.619672;-0.1504416;0.7196518
295232736;41.23292;-8.619635;-0.150441;0.7196501
295232737;41.23273;-8.619597;-0.1504404;0.7196469
295232738;41.23264;-8.619599;-0.1504404;0.7196454
295232739;41.23248;-8.619606;-0.1504405;0.7196425
295232740;41.23235;-8.619616;-0.1504407;0.7196403
295232741;41.23214;-8.619626;-0.1504409;0.7196367
295232742;41.23195;-8.619663;-0.1504415;0.7196333
295232743;41.23188;-8.61961;-0.1504406;0.7196321
295232744;41.23168;-8.619459;-0.1504379;0.7196285
295232745;41.23147;-8.619315;-0.1504354;0.7196249
295232746;41.23125;-8.619155;-0.1504326;0.7196211
295232747;41.23104;-8.619007;-0.1504301;0.7196174
295232748;41.23093;-8.618928;-0.1504287;0.7196156
295232749;41.23095;-8.618884;-0.1504279;0.7196158
295232750;41.23097;-8.618812;-0.1504266;0.7196162
295232751;41.23099;-8.618709;-0.1504248;0.7196165
295232752;41.23269;-8.62001;-0.1504476;0.7196463
295232753;41.23248;-8.619937;-0.1504463;0.7196426
295232754;41.23234;-8.619887;-0.1504454;0.7196401
295232756;41.23212;-8.619793;-0.1504438;0.7196362
295232757;41.23352;-8.619527;-0.1504391;0.7196606
295232758;41.23337;-8.619465;-0.150438;0.7196581
295232759;41.23325;-8.619399;-0.1504369;0.719656
295232760;41.23313;-8.61934;-0.1504359;0.7196539
295232761;41.23301;-8.619282;-0.1504349;0.7196517
295232762;41.23295;-8.619243;-0.1504342;0.7196507
295232763;41.2329;-8.619186;-0.1504332;0.7196499
295232764;41.23291;-8.619076;-0.1504312;0.71965
295232765;41.23292;-8.61899;-0.1504298;0.7196501
295232766;41.23292;-8.618902;-0.1504282;0.7196501
295232767;41.23334;-8.618585;-0.1504227;0.7196575
295232768;41.23341;-8.617681;-0.1504069;0.7196587
295232769;41.23343;-8.61697;-0.1503945;0.719659
295232770;41.23348;-8.616209;-0.1503812;0.71966
295232771;41.23353;-8.615551;-0.1503697;0.7196609
295232772;41.23357;-8.614999;-0.1503601;0.7196617
295232774;41.23364;-8.614115;-0.1503447;0.7196628
703267111;41.23894;-8.610147;-0.1502754;0.7197553
703267116;41.2383;-8.610293;-0.150278;0.7197441
703267121;41.23811;-8.61193;-0.1503065;0.7197407
703267126;41.23706;-8.612778;-0.1503213;0.7197225
703267129;41.23676;-8.612911;-0.1503237;0.7197173
708249292;41.23828;-8.612535;-0.1503171;0.7197438
708249294;41.23785;-8.612092;-0.1503094;0.7197362
708249299;41.23901;-8.615669;-0.1503718;0.7197564
708249302;41.23708;-8.612842;-0.1503224;0.7197228
708249308;41.23883;-8.615937;-0.1503765;0.7197534
708249311;41.23861;-8.613209;-0.1503288;0.7197495
708249313;41.23787;-8.612149;-0.1503104;0.7197365
708249316;41.23746;-8.612524;-0.1503169;0.7197294
708249317;41.23735;-8.612229;-0.1503118;0.7197275
708249321;41.23815;-8.611238;-0.1502945;0.7197415
708249322;41.23772;-8.614605;-0.1503532;0.7197341
708249326;41.23892;-8.615795;-0.150374;0.7197549
708249332;41.2379;-8.615231;-0.1503641;0.7197371
708249335;41.2375;-8.612625;-0.1503187;0.7197301
708249336;41.23741;-8.612404;-0.1503148;0.7197286
708249338;41.23795;-8.614027;-0.1503431;0.719738
708249339;41.23821;-8.611244;-0.1502946;0.7197425
708249340;41.23777;-8.614719;-0.1503552;0.7197349
708249344;41.23841;-8.617152;-0.1503977;0.7197461
708249345;41.23817;-8.611652;-0.1503017;0.7197419
708249350;41.23823;-8.612558;-0.1503175;0.7197429
708249355;41.23786;-8.61427;-0.1503474;0.7197364
708249358;41.23805;-8.615049;-0.150361;0.7197398
708249360;41.23743;-8.610849;-0.1502877;0.7197289
708249361;41.23896;-8.610435;-0.1502804;0.7197557
708249369;41.23708;-8.61597;-0.150377;0.7197228
708249374;41.23779;-8.614336;-0.1503485;0.7197352
708249376;41.23872;-8.613228;-0.1503292;0.7197515
708249388;41.23721;-8.615834;-0.1503747;0.7197251
708249389;41.23779;-8.609559;-0.1502652;0.7197353
708249390;41.23872;-8.615452;-0.150368;0.7197514
708249393;41.23766;-8.614421;-0.15035;0.719733
708249397;41.23895;-8.61084;-0.1502875;0.7197555
708249398;41.23789;-8.612239;-0.1503119;0.7197369
708249403;41.2385;-8.611273;-0.1502951;0.7197476
708249406;41.23888;-8.615513;-0.1503691;0.7197543
708249415;41.23811;-8.615165;-0.150363;0.7197408
708249424;41.23895;-8.615573;-0.1503701;0.7197555
708249425;41.23734;-8.612082;-0.1503092;0.7197273
708249428;41.23814;-8.609129;-0.1502576;0.7197414
708249429;41.23751;-8.614008;-0.1503428;0.7197303
708249430;41.23722;-8.610229;-0.1502768;0.7197254
708249433;41.2386;-8.609364;-0.1502617;0.7197493
708249438;41.23798;-8.612146;-0.1503103;0.7197386
708249439;41.23819;-8.609462;-0.1502635;0.7197421
708249445;41.23794;-8.61382;-0.1503395;0.7197378
708249449;41.23833;-8.615287;-0.1503651;0.7197447
708249451;41.23819;-8.617764;-0.1504083;0.7197422
708249454;41.23866;-8.616334;-0.1503834;0.7197505
708249457;41.23841;-8.612546;-0.1503173;0.7197461
708249459;41.23782;-8.611959;-0.150307;0.7197357
708249464;41.2385;-8.611698;-0.1503025;0.7197476
708249467;41.23853;-8.615376;-0.1503667;0.7197482
708249468;41.23741;-8.611166;-0.1502932;0.7197285
708249469;41.23826;-8.617637;-0.1504061;0.7197434
708249473;41.23874;-8.61612;-0.1503797;0.7197518
708279179;41.23716;-8.610124;-0.150275;0.7197241
801924157;41.23197;-8.615045;-0.1503609;0.7196336
1006031520;41.23373;-8.620572;-0.1504574;0.7196643
1006031528;41.2342;-8.621151;-0.1504675;0.7196726
1219138399;41.2333;-8.62358;-0.1505099;0.7196568
1219138402;41.23325;-8.623691;-0.1505118;0.7196559
1219138405;41.23375;-8.623683;-0.1505117;0.7196646
1219138408;41.23312;-8.624868;-0.1505323;0.7196538
1219138415;41.2332;-8.623801;-0.1505137;0.7196551
1219138417;41.23316;-8.623953;-0.1505164;0.7196544
1295081295;41.23218;-8.610385;-0.1502796;0.7196373
1295082357;41.23299;-8.612353;-0.1503139;0.7196515
1295082359;41.23312;-8.61237;-0.1503142;0.7196537
1295082360;41.2328;-8.61231;-0.1503132;0.7196481
1295082361;41.2326;-8.612246;-0.150312;0.7196447
1295082362;41.23321;-8.612337;-0.1503136;0.7196552
1295082363;41.23195;-8.612085;-0.1503092;0.7196333
1295082364;41.23172;-8.611954;-0.150307;0.7196292
1295082365;41.23328;-8.612308;-0.1503131;0.7196565
1295082367;41.23229;-8.612176;-0.1503108;0.7196392
1295082368;41.23174;-8.612004;-0.1503078;0.7196296
1295083212;41.23309;-8.611538;-0.1502997;0.7196532
1295083213;41.23233;-8.611297;-0.1502955;0.71964
1295083214;41.2319;-8.610833;-0.1502874;0.7196324
1295083215;41.23256;-8.611313;-0.1502958;0.7196439
1295083217;41.23265;-8.611302;-0.1502956;0.7196456
1295083218;41.23354;-8.613013;-0.1503254;0.7196609
1295083220;41.23313;-8.611608;-0.1503009;0.7196538
1295083221;41.23316;-8.611688;-0.1503023;0.7196544
1295083222;41.232;-8.610969;-0.1502898;0.7196341
1295083223;41.23328;-8.61213;-0.15031;0.7196565
1295083224;41.23283;-8.611329;-0.150296;0.7196487
1295083225;41.23279;-8.611307;-0.1502957;0.7196479
1295083226;41.23248;-8.611307;-0.1502957;0.7196425
1295083227;41.23274;-8.611302;-0.1502956;0.7196471
1295083228;41.23291;-8.611372;-0.1502968;0.71965
1295083229;41.23328;-8.613416;-0.1503325;0.7196565
1295083231;41.23194;-8.610899;-0.1502885;0.7196331
1295083237;41.2324;-8.611307;-0.1502957;0.7196412
1295083238;41.23347;-8.612842;-0.1503224;0.7196599
1295083239;41.23301;-8.611452;-0.1502982;0.7196518
1295083240;41.23337;-8.613271;-0.1503299;0.719658
1295083241;41.23217;-8.611145;-0.1502928;0.7196372
1295095778;41.2355;-8.621157;-0.1504676;0.7196953
1295095780;41.23576;-8.621097;-0.1504665;0.7196999
1295095782;41.2337;-8.62077;-0.1504608;0.7196637
1295095784;41.23608;-8.62091;-0.1504633;0.7197053
1295095785;41.23476;-8.621135;-0.1504672;0.7196823
1295095786;41.23396;-8.621103;-0.1504666;0.7196684
1295095791;41.23436;-8.621135;-0.1504672;0.7196753
1295095794;41.23383;-8.620996;-0.1504648;0.7196662
1295095796;41.23363;-8.620657;-0.1504588;0.7196627
1306612664;41.23822;-8.623463;-0.1505078;0.7197428
1306612666;41.23792;-8.624838;-0.1505318;0.7197375
1306612668;41.23804;-8.623447;-0.1505076;0.7197397
1306612669;41.23868;-8.62355;-0.1505093;0.7197507
1306612670;41.23793;-8.624695;-0.1505293;0.7197376
1306612671;41.23829;-8.622605;-0.1504928;0.719744
1361261513;41.23378;-8.620916;-0.1504634;0.7196652
1415548404;41.23081;-8.613823;-0.1503396;0.7196134
1518683380;41.2384;-8.608946;-0.1502544;0.7197458
1518683424;41.23944;-8.608706;-0.1502503;0.7197639
1518683470;41.23966;-8.608695;-0.1502501;0.7197678
1518683573;41.24021;-8.608659;-0.1502494;0.7197775
1518684313;41.2413;-8.608601;-0.1502484;0.7197965
1518684321;41.24112;-8.60861;-0.1502486;0.7197934
1518684821;41.24188;-8.608565;-0.1502478;0.7198066
1520380930;41.23125;-8.611592;-0.1503006;0.719621
1520381424;41.23131;-8.609858;-0.1502704;0.7196221
1520381437;41.23132;-8.609457;-0.1502634;0.7196222
1520381604;41.23137;-8.609121;-0.1502575;0.7196231
1520381624;41.23138;-8.611465;-0.1502984;0.7196234
1520381777;41.23145;-8.616079;-0.150379;0.7196246
1520381897;41.23146;-8.609031;-0.1502559;0.7196247
1520381905;41.23146;-8.610066;-0.150274;0.7196247
1520382235;41.23154;-8.607509;-0.1502294;0.7196261
1520382373;41.23157;-8.607383;-0.1502272;0.7196267
1520382380;41.23158;-8.61465;-0.150354;0.7196268
1520382474;41.23163;-8.609035;-0.150256;0.7196277
1520382586;41.23166;-8.610316;-0.1502784;0.7196282
1520382603;41.23167;-8.607163;-0.1502233;0.7196284
1520382726;41.23172;-8.607869;-0.1502357;0.7196292
1520382867;41.23177;-8.606934;-0.1502193;0.7196301
1520382990;41.23186;-8.615341;-0.1503661;0.7196318
1520383134;41.23191;-8.609009;-0.1502555;0.7196325
1520383146;41.23193;-8.61517;-0.1503631;0.7196329
1520383159;41.23194;-8.608006;-0.150238;0.719633
1520383213;41.23195;-8.606608;-0.1502137;0.7196333
1520383217;41.23198;-8.609002;-0.1502554;0.7196338
1520383503;41.23216;-8.612141;-0.1503102;0.7196369
1520383513;41.23218;-8.606239;-0.1502072;0.7196373
1520383526;41.2322;-8.608187;-0.1502412;0.7196376
1520383632;41.23226;-8.610264;-0.1502775;0.7196386
1520383670;41.23236;-8.610136;-0.1502752;0.7196405
1520383727;41.23237;-8.611302;-0.1502956;0.7196407
1520383769;41.23241;-8.60833;-0.1502437;0.7196414
1520383844;41.23242;-8.608847;-0.1502527;0.7196414
1520383847;41.23244;-8.610075;-0.1502742;0.7196419
1520383869;41.23252;-8.605644;-0.1501968;0.7196432
1520383994;41.23254;-8.613262;-0.1503298;0.7196437
1520384014;41.23258;-8.608465;-0.1502461;0.7196443
1520384155;41.23265;-8.612866;-0.1503229;0.7196456
1520384171;41.23268;-8.609948;-0.1502719;0.719646
1520384189;41.23273;-8.605318;-0.1501911;0.7196469
1520384235;41.23275;-8.608575;-0.150248;0.7196472
1520384307;41.23275;-8.610035;-0.1502735;0.7196473
1520384336;41.23282;-8.60866;-0.1502495;0.7196484
1520384352;41.23282;-8.608605;-0.1502485;0.7196485
1520384354;41.23283;-8.610086;-0.1502744;0.7196487
1520384587;41.23292;-8.60506;-0.1501866;0.7196501
1520384791;41.23289;-8.608616;-0.1502487;0.7196498
1520384907;41.23295;-8.609785;-0.1502691;0.7196507
1520384942;41.23307;-8.608611;-0.1502486;0.7196528
1520385047;41.23315;-8.613145;-0.1503277;0.7196543
1520385151;41.2332;-8.610122;-0.150275;0.7196552
1520385154;41.23321;-8.61185;-0.1503051;0.7196552
1520385168;41.23321;-8.613619;-0.150336;0.7196552
1520385292;41.23325;-8.613475;-0.1503335;0.7196561
1520385418;41.2333;-8.611074;-0.1502916;0.7196568
1520385419;41.23332;-8.612289;-0.1503128;0.7196572
1520385541;41.23339;-8.60954;-0.1502648;0.7196585
1520385647;41.23347;-8.608562;-0.1502478;0.7196599
1520385889;41.23362;-8.609384;-0.1502621;0.7196624
1520386165;41.23372;-8.609265;-0.15026;0.7196642
1520386395;41.23397;-8.608995;-0.1502553;0.7196685
1520386523;41.23404;-8.608492;-0.1502465;0.7196698
1520386535;41.23407;-8.606763;-0.1502164;0.7196703
1520386541;41.23406;-8.606974;-0.15022;0.7196701
1520386656;41.23409;-8.60717;-0.1502235;0.7196705
1520386682;41.23416;-8.607389;-0.1502273;0.7196718
1520386691;41.23417;-8.608451;-0.1502458;0.7196721
1520386831;41.23424;-8.607622;-0.1502313;0.7196732
1520386848;41.2343;-8.608582;-0.1502481;0.7196743
1520386865;41.23431;-8.606203;-0.1502066;0.7196745
1520386955;41.23438;-8.612439;-0.1503154;0.7196757
1520386975;41.23438;-8.608319;-0.1502435;0.7196757
1520387145;41.23441;-8.606119;-0.1502051;0.7196762
1520387198;41.23443;-8.608406;-0.150245;0.7196766
1520387226;41.23445;-8.608277;-0.1502428;0.7196769
1520387300;41.23449;-8.60824;-0.1502421;0.7196776
1520387314;41.2345;-8.611659;-0.1503018;0.7196778
1520387317;41.2345;-8.611305;-0.1502956;0.7196779
1520387405;41.23454;-8.612005;-0.1503078;0.7196785
1520387454;41.23456;-8.610887;-0.1502883;0.7196788
1520387590;41.23456;-8.608172;-0.150241;0.7196789
1520387615;41.23457;-8.606009;-0.1502032;0.7196791
1520387638;41.23458;-8.612322;-0.1503134;0.7196792
1520387676;41.2346;-8.605915;-0.1502016;0.7196795
1520387766;41.23465;-8.61024;-0.150277;0.7196805
1520387809;41.23465;-8.605448;-0.1501934;0.7196803
1520387820;41.23466;-8.610154;-0.1502755;0.7196807
1520387874;41.23468;-8.610242;-0.1502771;0.719681
1520387942;41.23469;-8.608367;-0.1502443;0.7196811
1520388002;41.2347;-8.609975;-0.1502724;0.7196813
1520388065;41.23476;-8.609652;-0.1502668;0.7196823
1520388067;41.23477;-8.608627;-0.1502489;0.7196825
1520388120;41.23481;-8.609316;-0.1502609;0.7196833
1520388121;41.23482;-8.607907;-0.1502363;0.7196833
1520388128;41.23483;-8.608914;-0.1502539;0.7196835
1520388178;41.23483;-8.609131;-0.1502577;0.7196835
1520388441;41.23517;-8.612123;-0.1503099;0.7196895
1520388453;41.23521;-8.610048;-0.1502737;0.7196902
1520388511;41.23533;-8.612123;-0.1503099;0.7196923
1520388527;41.23536;-8.607413;-0.1502277;0.7196927
1520388624;41.23562;-8.609882;-0.1502708;0.7196973
1520388661;41.2357;-8.607048;-0.1502213;0.7196987
1520388675;41.23584;-8.610954;-0.1502895;0.7197011
1520388736;41.23585;-8.612348;-0.1503138;0.7197013
1520388823;41.23589;-8.611418;-0.1502976;0.7197021
1520389008;41.23604;-8.606635;-0.1502141;0.7197047
1520389016;41.23608;-8.609673;-0.1502671;0.7197055
1520389085;41.23628;-8.612574;-0.1503178;0.7197089
1520389157;41.2364;-8.608235;-0.150242;0.7197109
1520389235;41.2364;-8.606128;-0.1502053;0.719711
1520389249;41.23641;-8.607376;-0.1502271;0.7197111
1520389251;41.23642;-8.612628;-0.1503187;0.7197113
1520389352;41.23649;-8.612652;-0.1503191;0.7197126
1520389425;41.23656;-8.605848;-0.1502004;0.7197138
1520389432;41.23658;-8.605813;-0.1501998;0.7197142
1520389437;41.23657;-8.608213;-0.1502417;0.719714
1520389528;41.23669;-8.605563;-0.1501954;0.7197161
1520389532;41.23676;-8.605466;-0.1501937;0.7197172
1520389538;41.2368;-8.605444;-0.1501933;0.719718
1520389564;41.23685;-8.608236;-0.1502421;0.7197188
1520389572;41.23692;-8.605413;-0.1501928;0.7197201
1520389615;41.23706;-8.609386;-0.1502621;0.7197224
1520389648;41.23708;-8.605429;-0.1501931;0.7197228
1520389815;41.23757;-8.609153;-0.1502581;0.7197313
1520389964;41.23812;-8.609007;-0.1502555;0.719741
1520430764;41.23408;-8.622705;-0.1504946;0.7196705
1520430893;41.23442;-8.622005;-0.1504824;0.7196763
1520431168;41.23468;-8.622025;-0.1504827;0.719681
1520431174;41.2347;-8.620757;-0.1504606;0.7196813
1520431339;41.23528;-8.621148;-0.1504674;0.7196914
1520431346;41.23528;-8.620765;-0.1504607;0.7196914
1520431364;41.23536;-8.620687;-0.1504594;0.7196928
1520431411;41.23553;-8.619703;-0.1504422;0.7196957
1520431460;41.23574;-8.619864;-0.150445;0.7196994
1520431493;41.23577;-8.620687;-0.1504594;0.7196999
1520431589;41.23585;-8.619397;-0.1504369;0.7197013
1520431594;41.23612;-8.619114;-0.1504319;0.7197061
1520431598;41.23621;-8.620832;-0.1504619;0.7197077
1520431613;41.23628;-8.619094;-0.1504316;0.7197089
1520431632;41.23636;-8.620734;-0.1504602;0.7197103
1520431669;41.23644;-8.620664;-0.150459;0.7197117
1520431671;41.23646;-8.621969;-0.1504817;0.719712
1520431676;41.2365;-8.62061;-0.150458;0.7197127
1520431679;41.23656;-8.619876;-0.1504452;0.7197137
1520431682;41.23664;-8.619804;-0.150444;0.7197151
1520431685;41.23669;-8.618555;-0.1504222;0.719716
1520431688;41.23673;-8.619684;-0.1504419;0.7197167
1520431689;41.23673;-8.617493;-0.1504036;0.7197167
1520431690;41.2368;-8.620261;-0.1504519;0.719718
1520431691;41.23682;-8.619799;-0.1504439;0.7197183
1520431693;41.23687;-8.618579;-0.1504226;0.7197192
1520431694;41.23689;-8.617624;-0.1504059;0.7197195
1520431701;41.23697;-8.620036;-0.150448;0.7197208
1520431703;41.23698;-8.620946;-0.1504639;0.7197211
1520431704;41.23699;-8.619999;-0.1504474;0.7197213
1520431705;41.237;-8.620503;-0.1504562;0.7197214
1520431706;41.23701;-8.617838;-0.1504096;0.7197216
1520431709;41.23706;-8.619233;-0.150434;0.7197224
1520431711;41.23711;-8.620425;-0.1504548;0.7197233
1520431718;41.23723;-8.618189;-0.1504158;0.7197254
1520431720;41.23727;-8.620421;-0.1504547;0.7197262
1520431721;41.2373;-8.618302;-0.1504177;0.7197266
1520431722;41.2373;-8.619589;-0.1504402;0.7197267
1520431748;41.23737;-8.619435;-0.1504375;0.7197279
1520431758;41.23739;-8.618514;-0.1504214;0.7197283
1520431770;41.23741;-8.619218;-0.1504337;0.7197286
1520431829;41.23745;-8.618931;-0.1504287;0.7197292
1520431830;41.23746;-8.618799;-0.1504264;0.7197294
1584471082;41.23083;-8.617242;-0.1503992;0.7196139
1676348362;41.23895;-8.620628;-0.1504584;0.7197554
1723825713;41.2353;-8.617683;-0.150407;0.7196917
1723825714;41.23428;-8.619279;-0.1504348;0.7196739
1723825716;41.23355;-8.618471;-0.1504207;0.7196612
1723825717;41.23349;-8.618197;-0.1504159;0.7196602
1723825726;41.23376;-8.618844;-0.1504272;0.7196649
1723825728;41.23551;-8.616813;-0.1503918;0.7196954
1723825730;41.23395;-8.619008;-0.1504301;0.7196681
1723825731;41.23508;-8.617594;-0.1504054;0.719688
1723825735;41.2354;-8.617883;-0.1504104;0.7196935
1723825740;41.23372;-8.617452;-0.1504029;0.7196642
1723825744;41.23555;-8.616481;-0.150386;0.7196962
1723825745;41.23571;-8.616485;-0.150386;0.7196988
1723825746;41.23551;-8.61845;-0.1504203;0.7196954
1723825750;41.23452;-8.617425;-0.1504024;0.7196782
1723825753;41.23475;-8.617481;-0.1504034;0.7196822
1723825754;41.23415;-8.619196;-0.1504333;0.7196717
1723825755;41.23435;-8.619313;-0.1504354;0.7196751
1723825764;41.23501;-8.619223;-0.1504338;0.7196867
1723825766;41.23352;-8.61786;-0.15041;0.7196606
1723825767;41.23363;-8.617612;-0.1504057;0.7196627
1723825768;41.23544;-8.617262;-0.1503996;0.7196941
1723825769;41.23489;-8.61926;-0.1504345;0.7196846
1723825771;41.23547;-8.61812;-0.1504146;0.7196947
1723825777;41.23457;-8.619292;-0.150435;0.7196789
1723825780;41.2352;-8.61762;-0.1504059;0.7196899
1723825781;41.2354;-8.617412;-0.1504022;0.7196935
1723825785;41.23531;-8.617524;-0.1504042;0.719692
1723825787;41.2342;-8.617339;-0.1504009;0.7196725
1723825790;41.2355;-8.618629;-0.1504235;0.7196953
1723825791;41.23521;-8.619085;-0.1504314;0.7196901
1723825792;41.23535;-8.618917;-0.1504285;0.7196926
1723825798;41.23568;-8.616879;-0.1503929;0.7196983
1723825801;41.23362;-8.618629;-0.1504235;0.7196624
1723836403;41.23363;-8.61384;-0.1503399;0.7196625
1723836406;41.23367;-8.613707;-0.1503375;0.7196633
1723836410;41.23328;-8.617667;-0.1504067;0.7196564
1723836414;41.23385;-8.613501;-0.1503339;0.7196664
1723836416;41.23393;-8.613997;-0.1503426;0.7196678
1723836418;41.23354;-8.614052;-0.1503436;0.7196611
1723836422;41.23345;-8.615535;-0.1503695;0.7196594
1723836448;41.23339;-8.616248;-0.1503819;0.7196585
1723836453;41.23388;-8.613666;-0.1503368;0.719667
1723836454;41.2335;-8.613585;-0.1503354;0.7196603
1723836467;41.23322;-8.618526;-0.1504217;0.7196554
1723836470;41.23334;-8.616975;-0.1503946;0.7196575
1723836473;41.23349;-8.614955;-0.1503593;0.7196601
1723836480;41.23351;-8.61447;-0.1503509;0.7196606
1723852105;41.2332;-8.618634;-0.1504235;0.719655
1723852122;41.23325;-8.618803;-0.1504265;0.7196561
1723852129;41.23338;-8.617566;-0.1504049;0.7196583
1723852132;41.23351;-8.615794;-0.150374;0.7196606
1723852140;41.23329;-8.617553;-0.1504047;0.7196566
1723852144;41.23302;-8.618796;-0.1504264;0.7196521
1723852151;41.23343;-8.615781;-0.1503737;0.7196591
1723852161;41.23334;-8.61867;-0.1504242;0.7196575
1723886237;41.2331;-8.621398;-0.1504718;0.7196533
1723886325;41.2331;-8.621279;-0.1504697;0.7196534
1723886409;41.23312;-8.621513;-0.1504738;0.7196537
1723886430;41.23314;-8.621593;-0.1504752;0.719654
1723886494;41.23317;-8.621683;-0.1504768;0.7196546
1801522366;41.23277;-8.621728;-0.1504775;0.7196476
1801524062;41.23801;-8.62349;-0.1505083;0.7197391
1801524149;41.23862;-8.623517;-0.1505088;0.7197496
1864969675;41.23555;-8.619869;-0.1504451;0.7196961
1864969681;41.23518;-8.61997;-0.1504469;0.7196897
1864969682;41.23551;-8.619837;-0.1504445;0.7196954
1864969695;41.23548;-8.619721;-0.1504425;0.7196949
1864969696;41.23548;-8.619782;-0.1504436;0.7196949
1864974561;41.23645;-8.619434;-0.1504375;0.7197118
1864980565;41.23606;-8.618557;-0.1504222;0.719705
1864980599;41.2363;-8.618875;-0.1504277;0.7197092
1864980632;41.23608;-8.618655;-0.1504239;0.7197053
1864980639;41.23598;-8.618688;-0.1504245;0.7197036
1864980649;41.23612;-8.618651;-0.1504238;0.7197061
1865068717;41.23493;-8.614537;-0.150352;0.7196853
1865536656;41.23697;-8.614327;-0.1503484;0.719721
1865536700;41.23689;-8.614291;-0.1503477;0.7197195
1865536716;41.23705;-8.614321;-0.1503483;0.7197223
1865536718;41.23746;-8.614046;-0.1503435;0.7197295
1865536722;41.23685;-8.613796;-0.1503391;0.7197188
1865536807;41.23683;-8.6142;-0.1503461;0.7197184
1865564910;41.24187;-8.608477;-0.1502463;0.7198064
1865564962;41.23856;-8.608818;-0.1502522;0.7197486
1865564964;41.23714;-8.609185;-0.1502586;0.7197238
1865564965;41.23752;-8.609071;-0.1502566;0.7197306
1865564969;41.2397;-8.608586;-0.1502482;0.7197686
1865564971;41.23943;-8.608626;-0.1502489;0.7197638
1865564972;41.23783;-8.609;-0.1502554;0.7197359
1880380989;41.23469;-8.613393;-0.1503321;0.7196811
1880380990;41.23477;-8.613837;-0.1503398;0.7196825
2084902054;41.2402;-8.608555;-0.1502476;0.7197773
2089111830;41.24264;-8.608425;-0.1502454;0.7198199
2089111884;41.24261;-8.608523;-0.1502471;0.7198194
2089112316;41.23809;-8.612325;-0.1503134;0.7197405
2089112337;41.2378;-8.612298;-0.150313;0.7197354
2089112348;41.23885;-8.611894;-0.1503059;0.7197538
2089112432;41.23826;-8.610726;-0.1502855;0.7197434
2089112457;41.23839;-8.610272;-0.1502776;0.7197456
2089112460;41.23883;-8.610171;-0.1502758;0.7197534
2213478624;41.2324;-8.621382;-0.1504715;0.7196411
2214944474;41.23278;-8.623103;-0.1505015;0.7196477
2214944477;41.23285;-8.623148;-0.1505023;0.719649
2214944479;41.2327;-8.623463;-0.1505078;0.7196463
2214944481;41.23299;-8.623214;-0.1505035;0.7196515
2214944483;41.23266;-8.622972;-0.1504992;0.7196457
2214944485;41.23273;-8.621797;-0.1504787;0.7196469
2214944487;41.23273;-8.62335;-0.1505059;0.7196469
2214944489;41.23272;-8.621505;-0.1504736;0.7196466
2214944491;41.23272;-8.623054;-0.1505007;0.7196467
2214944493;41.23281;-8.623235;-0.1505038;0.7196484
2214944495;41.23289;-8.623207;-0.1505034;0.7196497
2232335907;41.23269;-8.623696;-0.1505119;0.7196463
2246313676;41.23386;-8.620455;-0.1504553;0.7196666
2251285387;41.23277;-8.623293;-0.1505049;0.7196475
2251285389;41.23277;-8.623228;-0.1505037;0.7196475
2251285391;41.23273;-8.623194;-0.1505031;0.7196469
2258288538;41.23267;-8.622379;-0.1504889;0.7196459
2283114312;41.23273;-8.623104;-0.1505016;0.719647
2889100211;41.2327;-8.622042;-0.150483;0.7196465
2889100217;41.23805;-8.622564;-0.1504921;0.7197398
2889100218;41.2379;-8.621843;-0.1504796;0.7197371
2970331239;41.23587;-8.608344;-0.150244;0.7197017
2970331249;41.2361;-8.60844;-0.1502456;0.7197056
2970331250;41.23611;-8.608344;-0.150244;0.7197058
2970331251;41.23613;-8.608541;-0.1502474;0.7197062
2970331252;41.23613;-8.609106;-0.1502572;0.7197062
2970331254;41.23626;-8.60949;-0.150264;0.7197086
2970331255;41.23628;-8.609592;-0.1502657;0.7197089
2970331256;41.23629;-8.608982;-0.1502551;0.719709
2970331257;41.23634;-8.608336;-0.1502438;0.7197099
3028479586;41.23059;-8.61774;-0.1504079;0.7196096
3028696847;41.23045;-8.618075;-0.1504138;0.7196072
3029189652;41.23126;-8.614267;-0.1503473;0.7196213
3029189653;41.23151;-8.61387;-0.1503404;0.7196257
3029189654;41.23156;-8.613839;-0.1503399;0.7196265
3029189655;41.23183;-8.613793;-0.1503391;0.7196313
3035227081;41.23433;-8.619305;-0.1504352;0.7196748
3086269781;41.23201;-8.619642;-0.1504411;0.7196342
3086269782;41.23203;-8.619741;-0.1504429;0.7196346
3086269783;41.23284;-8.619597;-0.1504404;0.7196488
3098958358;41.23169;-8.622196;-0.1504857;0.7196288
3098958403;41.23192;-8.622227;-0.1504862;0.7196327
3108588196;41.23955;-8.608698;-0.1502501;0.7197659
3108588203;41.23983;-8.60868;-0.1502498;0.7197709
3108592734;41.23965;-8.608594;-0.1502483;0.7197677
3121062024;41.23812;-8.608929;-0.1502541;0.7197409
3121062025;41.24012;-8.608562;-0.1502478;0.7197758
3121062026;41.24012;-8.608664;-0.1502495;0.7197759
3127815808;41.23135;-8.613366;-0.1503316;0.7196229
3127815811;41.23144;-8.61399;-0.1503425;0.7196243
3128226003;41.23044;-8.618334;-0.1504183;0.7196069
3133922934;41.23315;-8.613586;-0.1503354;0.7196541
3133922935;41.23322;-8.618482;-0.1504209;0.7196555
3133922936;41.23335;-8.618501;-0.1504212;0.7196577
3133922937;41.23336;-8.616598;-0.150388;0.719658
3133922938;41.23344;-8.615679;-0.150372;0.7196592
3133922939;41.23345;-8.616611;-0.1503882;0.7196595
3133922940;41.23352;-8.615686;-0.1503721;0.7196607
3133922941;41.23353;-8.614191;-0.150346;0.7196609
3133922942;41.23363;-8.614202;-0.1503462;0.7196626
3135806519;41.23684;-8.609304;-0.1502607;0.7197187
3135806520;41.237;-8.609257;-0.1502599;0.7197214
3135806521;41.2373;-8.609112;-0.1502573;0.7197266
3146483771;41.23798;-8.62393;-0.150516;0.7197386
3146483773;41.23801;-8.623603;-0.1505103;0.719739
3146483788;41.23871;-8.622632;-0.1504933;0.7197512
3150221380;41.23604;-8.623848;-0.1505145;0.7197046
3150221381;41.23606;-8.623911;-0.1505156;0.7197051
3150248428;41.23389;-8.621065;-0.150466;0.7196671
3150248829;41.23407;-8.621125;-0.150467;0.7196703
3150248830;41.23558;-8.619719;-0.1504425;0.7196967
3150248831;41.23566;-8.621142;-0.1504673;0.7196981
3150248832;41.23683;-8.618677;-0.1504243;0.7197184
3150248833;41.23683;-8.618574;-0.1504225;0.7197185
3150248834;41.23691;-8.618854;-0.1504274;0.7197199
3150248839;41.23738;-8.619376;-0.1504365;0.7197281
3150248842;41.23752;-8.618778;-0.1504261;0.7197305
3150248845;41.23757;-8.618789;-0.1504262;0.7197313
3150248846;41.23759;-8.618793;-0.1504263;0.7197317
3150248847;41.23762;-8.61868;-0.1504243;0.7197323
3150248849;41.23785;-8.618443;-0.1504202;0.7197362
3150248852;41.23803;-8.61889;-0.150428;0.7197394
3150248854;41.23827;-8.618139;-0.1504149;0.7197437
3150248855;41.23835;-8.61964;-0.1504411;0.719745
3171727259;41.23136;-8.612891;-0.1503233;0.719623
3171727264;41.23183;-8.612813;-0.1503219;0.7196312
3171727265;41.23188;-8.61328;-0.1503301;0.7196321
3171727266;41.23212;-8.612764;-0.1503211;0.7196363
3171727270;41.23336;-8.613545;-0.1503347;0.719658
3171727272;41.23392;-8.613847;-0.15034;0.7196677
3505803403;41.23296;-8.620118;-0.1504494;0.719651
3505803404;41.23347;-8.620327;-0.1504531;0.7196598
3625419630;41.23702;-8.609388;-0.1502622;0.7197217
4041937349;41.23327;-8.621716;-0.1504773;0.7196563
4041940756;41.23396;-8.621922;-0.1504809;0.7196683
4069110537;41.23266;-8.622933;-0.1504986;0.7196456
4176528631;41.23198;-8.622972;-0.1504993;0.7196338
4199538076;41.23335;-8.616801;-0.1503915;0.7196577
4199538077;41.2331;-8.616759;-0.1503908;0.7196533
4199538078;41.23266;-8.616695;-0.1503897;0.7196457
4199538079;41.23265;-8.616688;-0.1503896;0.7196456
4199538080;41.23265;-8.616677;-0.1503894;0.7196454
4199538081;41.23265;-8.616656;-0.150389;0.7196454
4199538082;41.23265;-8.61664;-0.1503887;0.7196454
4199538083;41.23265;-8.616613;-0.1503883;0.7196454
4199538084;41.23265;-8.616522;-0.1503867;0.7196454
4199538085;41.23264;-8.616482;-0.150386;0.7196453
4199538086;41.23263;-8.616467;-0.1503857;0.7196451
4199538087;41.23262;-8.61645;-0.1503854;0.719645
4199538088;41.2326;-8.616436;-0.1503852;0.7196447
4199539089;41.23259;-8.616424;-0.150385;0.7196444
4199539090;41.23256;-8.616407;-0.1503847;0.719644
4199539091;41.23251;-8.616376;-0.1503841;0.719643
4199539092;41.2323;-8.616041;-0.1503783;0.7196395
4199539093;41.2323;-8.616014;-0.1503778;0.7196394
4199539094;41.2323;-8.616;-0.1503776;0.7196394
4199539095;41.23226;-8.615932;-0.1503764;0.7196386
4199539096;41.23225;-8.615923;-0.1503762;0.7196385
4199539097;41.23307;-8.616755;-0.1503907;0.7196528
4199539098;41.23307;-8.616704;-0.1503899;0.7196529
4199539099;41.23301;-8.616551;-0.1503872;0.7196518
4199539100;41.23264;-8.6165;-0.1503863;0.7196454
4199539101;41.23308;-8.616618;-0.1503884;0.719653
4199539102;41.23307;-8.616591;-0.1503879;0.7196529
4199539103;41.23306;-8.616569;-0.1503875;0.7196527
4199539104;41.23305;-8.616557;-0.1503873;0.7196524
4199539105;41.2325;-8.61638;-0.1503842;0.7196429
4199539106;41.23249;-8.616385;-0.1503843;0.7196427
4199539107;41.23231;-8.617311;-0.1504005;0.7196396
4199539108;41.23247;-8.616507;-0.1503864;0.7196423
4199539109;41.23245;-8.61652;-0.1503866;0.719642
4199539110;41.23244;-8.61652;-0.1503866;0.7196418
4199539111;41.23242;-8.616515;-0.1503866;0.7196415
4199539112;41.2324;-8.6165;-0.1503863;0.7196412
4199539113;41.23237;-8.616464;-0.1503857;0.7196407
4199539114;41.2322;-8.61616;-0.1503804;0.7196376
4199539115;41.23219;-8.616131;-0.1503799;0.7196375
4199539116;41.2322;-8.616113;-0.1503795;0.7196376
4199539117;41.23221;-8.616089;-0.1503791;0.7196379
4199539118;41.23222;-8.616071;-0.1503788;0.719638
4199539119;41.23224;-8.616056;-0.1503786;0.7196383
4199539120;41.23225;-8.616047;-0.1503784;0.7196385
4199539121;41.23227;-8.616036;-0.1503782;0.7196388
4199539122;41.23228;-8.616034;-0.1503782;0.7196391
4199539123;41.2323;-8.616031;-0.1503781;0.7196395
4199539124;41.23178;-8.615485;-0.1503686;0.7196304
4199539125;41.23219;-8.615866;-0.1503752;0.7196375
4199539126;41.23211;-8.616016;-0.1503779;0.7196361
4199539221;41.23241;-8.616768;-0.150391;0.7196414
4502773831;41.23795;-8.610543;-0.1502823;0.7197379
4502789934;41.23822;-8.611123;-0.1502925;0.7197427
4502813357;41.23896;-8.610294;-0.150278;0.7197556
4502828646;41.23845;-8.609403;-0.1502624;0.7197467
4502828647;41.23848;-8.60957;-0.1502653;0.7197472
4502911543;41.23642;-8.615307;-0.1503655;0.7197112
4502911544;41.23655;-8.615182;-0.1503633;0.7197135
4502911545;41.23656;-8.614852;-0.1503575;0.7197137
4502911546;41.23646;-8.614724;-0.1503553;0.719712
4502911548;41.23625;-8.614716;-0.1503551;0.7197084
4502911549;41.23611;-8.615045;-0.1503609;0.7197059
4502911550;41.23613;-8.615114;-0.1503621;0.7197062
4502911551;41.23623;-8.615276;-0.1503649;0.719708
4502911552;41.23635;-8.615319;-0.1503657;0.7197101
4541733371;41.23394;-8.619573;-0.1504399;0.7196681
4541733372;41.2339;-8.619644;-0.1504412;0.7196674
4541733373;41.23707;-8.605582;-0.1501957;0.7197226
4541733374;41.23704;-8.60602;-0.1502034;0.7197222
4541733375;41.23695;-8.607315;-0.150226;0.7197205
4541733376;41.23661;-8.611034;-0.1502909;0.7197146
4541733377;41.23656;-8.611736;-0.1503032;0.7197137
4541733378;41.23655;-8.612869;-0.1503229;0.7197136
4541733379;41.23657;-8.611518;-0.1502993;0.719714
4541733380;41.23664;-8.610502;-0.1502816;0.7197152
4541733381;41.23679;-8.609595;-0.1502658;0.7197177
4541733382;41.23676;-8.609914;-0.1502713;0.7197173
4541733383;41.23671;-8.610596;-0.1502832;0.7197164
4541733384;41.23662;-8.611919;-0.1503063;0.7197148
4541733385;41.2365;-8.613568;-0.1503351;0.7197127
4541733386;41.23643;-8.614567;-0.1503526;0.7197115
4541733387;41.23643;-8.614616;-0.1503534;0.7197115
4541733388;41.23644;-8.614666;-0.1503543;0.7197117
4541733389;41.23699;-8.609442;-0.1502631;0.7197212
4541733390;41.23685;-8.60951;-0.1502643;0.7197188
4541733391;41.2368;-8.609559;-0.1502652;0.719718
4541733392;41.23628;-8.615432;-0.1503676;0.7197089
4541733393;41.23454;-8.619889;-0.1504454;0.7196785
4541733394;41.23463;-8.619802;-0.1504439;0.7196801
4541733395;41.23478;-8.6197;-0.1504422;0.7196826
4541733396;41.23536;-8.619192;-0.1504333;0.7196927
4541733397;41.23566;-8.618931;-0.1504287;0.7196981
4541733398;41.23586;-8.61872;-0.150425;0.7197016
4541733399;41.23596;-8.618575;-0.1504225;0.7197033
4541733400;41.23606;-8.618369;-0.1504189;0.719705
4541733401;41.23611;-8.61818;-0.1504156;0.7197059
4541733402;41.23616;-8.617976;-0.1504121;0.7197067
4541733403;41.23619;-8.617635;-0.1504061;0.7197074
4541733404;41.23623;-8.617242;-0.1503992;0.7197079
4541733405;41.23627;-8.616573;-0.1503876;0.7197087
4541733406;41.23636;-8.615572;-0.1503701;0.7197102
4541733407;41.23637;-8.615453;-0.150368;0.7197104
4541733408;41.23639;-8.615384;-0.1503668;0.7197107
4541733409;41.23616;-8.617076;-0.1503963;0.7197068
4541733413;41.23304;-8.624904;-0.150533;0.7196524
4551001967;41.23271;-8.623292;-0.1505048;0.7196465
4598455103;41.2341;-8.606672;-0.1502148;0.7196708
4598455104;41.23405;-8.606866;-0.1502181;0.71967
4598455105;41.23454;-8.606056;-0.150204;0.7196784
4598590338;41.23682;-8.617553;-0.1504047;0.7197182
4598590351;41.23632;-8.617288;-0.1504;0.7197095
4598590353;41.23636;-8.614515;-0.1503517;0.7197102
4598590354;41.23634;-8.614608;-0.1503533;0.7197099
4598590355;41.23685;-8.614256;-0.1503471;0.7197188
4598590356;41.23682;-8.614148;-0.1503453;0.7197183
4598590357;41.23792;-8.61416;-0.1503454;0.7197375
4598590358;41.23795;-8.613918;-0.1503412;0.7197381
4598660532;41.23896;-8.608805;-0.150252;0.7197556
4598660533;41.23927;-8.608736;-0.1502508;0.719761
4598660534;41.24118;-8.60852;-0.150247;0.7197944
4598660535;41.2416;-8.608494;-0.1502466;0.7198017
4598660538;41.2421;-8.608461;-0.150246;0.7198105
4632068053;41.23359;-8.62183;-0.1504793;0.7196618
4632076476;41.23625;-8.615902;-0.1503759;0.7197083
4632076477;41.23608;-8.61588;-0.1503755;0.7197053
4632076478;41.23578;-8.615856;-0.1503751;0.7197002
4632076484;41.23586;-8.61514;-0.1503626;0.7197015
4632076485;41.23601;-8.615228;-0.1503641;0.7197041
4632076486;41.23611;-8.615266;-0.1503648;0.7197059
