25504120;41.1762;-8.62257;-0.1504922;0.7186603
25504123;41.17578;-8.622428;-0.1504898;0.7186529
25504126;41.17492;-8.622803;-0.1504963;0.7186378
25504135;41.17453;-8.622573;-0.1504923;0.718631
25504156;41.17283;-8.62359;-0.15051;0.7186015
25504157;41.17314;-8.623327;-0.1505055;0.7186069
25504158;41.17321;-8.623159;-0.1505025;0.7186081
25504163;41.17423;-8.622406;-0.1504894;0.7186259
25504165;41.17272;-8.622046;-0.1504831;0.7185995
25504174;41.17461;-8.623234;-0.1505038;0.7186325
25504175;41.17433;-8.623719;-0.1505123;0.7186276
25504176;41.17375;-8.624068;-0.1505184;0.7186174
25504177;41.17346;-8.624324;-0.1505228;0.7186125
25504178;41.17337;-8.624507;-0.150526;0.7186109
25504179;41.17372;-8.620708;-0.1504598;0.718617
25504180;41.1738;-8.621376;-0.1504714;0.7186183
25504181;41.17403;-8.621881;-0.1504802;0.7186224
25504182;41.1744;-8.622247;-0.1504866;0.7186289
25504183;41.17493;-8.622444;-0.15049;0.7186381
26015899;41.17162;-8.604229;-0.1501721;0.7185804
26015901;41.17175;-8.60499;-0.1501854;0.7185826
26015903;41.17192;-8.605606;-0.1501962;0.7185857
26015905;41.17217;-8.606189;-0.1502063;0.7185899
26015907;41.17251;-8.606783;-0.1502167;0.7185959
26015909;41.17354;-8.6082;-0.1502414;0.7186139
26015910;41.1734;-8.608247;-0.1502423;0.7186114
26015911;41.17389;-8.608927;-0.1502541;0.7186199
26015912;41.17378;-8.608994;-0.1502553;0.718618
26015913;41.17421;-8.609928;-0.1502716;0.7186256
26015914;41.17406;-8.609851;-0.1502703;0.7186229
26015915;41.17444;-8.611267;-0.150295;0.7186296
26015916;41.17432;-8.611291;-0.1502954;0.7186275
26015917;41.17448;-8.611713;-0.1503028;0.7186303
26015918;41.17437;-8.611754;-0.1503035;0.7186283
26015919;41.17455;-8.612743;-0.1503207;0.7186315
26015920;41.17442;-8.612242;-0.150312;0.7186292
26015921;41.17453;-8.61361;-0.1503359;0.7186312
26015922;41.17442;-8.613603;-0.1503357;0.7186292
26015923;41.17442;-8.614426;-0.1503501;0.7186292
26015924;41.17431;-8.614388;-0.1503494;0.7186273
26015928;41.17371;-8.618761;-0.1504258;0.7186168
26015929;41.17323;-8.624843;-0.1505319;0.7186085
26015930;41.17309;-8.625094;-0.1505363;0.7186059
26015931;41.17295;-8.627571;-0.1505795;0.7186035
26015933;41.17278;-8.62859;-0.1505973;0.7186006
26015935;41.17148;-8.634761;-0.150705;0.7185779
26015937;41.17134;-8.635383;-0.1507159;0.7185754
26016164;41.17333;-8.622623;-0.1504932;0.7186102
26016169;41.1739;-8.618241;-0.1504167;0.7186201
26016411;41.17068;-8.63722;-0.1507479;0.7185639
26016413;41.17046;-8.637659;-0.1507556;0.71856
26057813;41.18152;-8.594508;-0.1500025;0.7187532
26122652;41.18642;-8.624937;-0.1505335;0.7188386
26122653;41.18098;-8.622212;-0.150486;0.7187437
26122654;41.18156;-8.621898;-0.1504805;0.7187538
26122655;41.18163;-8.621669;-0.1504765;0.7187551
26122656;41.18155;-8.621271;-0.1504696;0.7187536
26122657;41.18135;-8.621083;-0.1504663;0.7187501
26122658;41.18111;-8.621108;-0.1504667;0.7187459
26122659;41.18092;-8.62128;-0.1504697;0.7187425
26122665;41.17924;-8.622269;-0.150487;0.7187134
26122667;41.17986;-8.622005;-0.1504824;0.7187242
26122668;41.18023;-8.621749;-0.1504779;0.7187306
26122669;41.18054;-8.621345;-0.1504709;0.718736
26122670;41.18076;-8.620958;-0.1504641;0.7187397
26122672;41.18141;-8.620761;-0.1504607;0.7187513
26122673;41.1816;-8.621129;-0.1504671;0.7187545
26122674;41.18147;-8.620681;-0.1504593;0.7187522
26122675;41.18147;-8.620181;-0.1504505;0.7187522
26122676;41.18154;-8.619866;-0.150445;0.7187535
26122677;41.18201;-8.621868;-0.15048;0.7187617
26122678;41.18237;-8.622204;-0.1504858;0.7187679
26122679;41.18178;-8.622381;-0.1504889;0.7187577
26122680;41.18122;-8.622524;-0.1504914;0.7187479
26122681;41.18073;-8.622842;-0.150497;0.7187394
26122682;41.18042;-8.623297;-0.1505049;0.7187338
26122684;41.17841;-8.62256;-0.1504921;0.7186989
26122687;41.17875;-8.622753;-0.1504954;0.7187048
26122693;41.17982;-8.623949;-0.1505163;0.7187234
26122697;41.17992;-8.623983;-0.1505169;0.7187252
26122698;41.18008;-8.623898;-0.1505154;0.7187279
26122699;41.18013;-8.623793;-0.1505136;0.7187288
26122700;41.18028;-8.62272;-0.1504948;0.7187315
26122702;41.17994;-8.623465;-0.1505079;0.7187256
26122703;41.17961;-8.623492;-0.1505083;0.7187198
26122704;41.17942;-8.623314;-0.1505052;0.7187166
26122705;41.17934;-8.623014;-0.1505;0.7187151
26122706;41.17951;-8.622561;-0.1504921;0.7187181
26122707;41.17981;-8.622421;-0.1504896;0.7187234
26122708;41.1798;-8.625788;-0.1505484;0.7187231
26122709;41.17992;-8.624264;-0.1505218;0.7187253
26122712;41.18127;-8.620031;-0.1504479;0.7187487
26122848;41.18007;-8.624591;-0.1505275;0.7187278
111636738;41.17797;-8.655065;-0.1510594;0.7186912
111641067;41.18065;-8.649963;-0.1509703;0.7187379
111641069;41.17933;-8.652279;-0.1510108;0.7187149
111641070;41.17889;-8.653011;-0.1510235;0.7187073
111641071;41.17868;-8.653561;-0.1510331;0.7187036
111647989;41.17913;-8.652233;-0.15101;0.7187113
111647995;41.17877;-8.652868;-0.151021;0.7187051
111648002;41.17865;-8.653168;-0.1510263;0.7187031
111648004;41.17848;-8.653752;-0.1510365;0.7187001
111648502;41.17821;-8.654667;-0.1510524;0.7186953
111649091;41.17817;-8.654757;-0.151054;0.7186947
112599907;41.173;-8.623503;-0.1505085;0.7186044
112613531;41.18222;-8.646848;-0.150916;0.7187653
112613532;41.18261;-8.646145;-0.1509037;0.7187721
112613533;41.18413;-8.642933;-0.1508476;0.7187986
112613538;41.18422;-8.642678;-0.1508432;0.7188002
112613540;41.18426;-8.642369;-0.1508378;0.718801
112613542;41.18425;-8.642054;-0.1508323;0.7188008
112613546;41.18415;-8.641681;-0.1508258;0.7187989
112613556;41.17921;-8.632814;-0.150671;0.7187127
112613557;41.17912;-8.632622;-0.1506677;0.7187112
112613558;41.17909;-8.632429;-0.1506643;0.7187107
112613559;41.1791;-8.632188;-0.1506601;0.7187109
112613564;41.17962;-8.627315;-0.150575;0.71872
112613566;41.18008;-8.62368;-0.1505116;0.7187279
112613567;41.18032;-8.62259;-0.1504926;0.7187321
112613570;41.18042;-8.622195;-0.1504857;0.718734
112613574;41.1809;-8.62087;-0.1504626;0.7187423
112613581;41.18275;-8.61725;-0.1503994;0.7187747
112613584;41.18316;-8.613445;-0.150333;0.7187817
112613586;41.18324;-8.612714;-0.1503202;0.7187832
112613587;41.18331;-8.61248;-0.1503161;0.7187843
112613588;41.18341;-8.612226;-0.1503117;0.7187861
112613589;41.18375;-8.611374;-0.1502968;0.718792
112613590;41.1844;-8.609694;-0.1502675;0.7188034
112613592;41.18444;-8.609547;-0.1502649;0.7188042
112613593;41.1846;-8.608741;-0.1502509;0.7188069
112613594;41.18464;-8.608341;-0.1502439;0.7188075
112613595;41.18462;-8.607833;-0.150235;0.7188073
112613596;41.1846;-8.607355;-0.1502267;0.7188068
112613597;41.18451;-8.606876;-0.1502183;0.7188053
112613598;41.18422;-8.605578;-0.1501957;0.7188002
112613600;41.18383;-8.60378;-0.1501643;0.7187935
112613601;41.18373;-8.603294;-0.1501558;0.7187918
112627996;41.18224;-8.618578;-0.1504226;0.7187657
112627997;41.18179;-8.619308;-0.1504353;0.7187577
112627998;41.18141;-8.619991;-0.1504472;0.7187511
112627999;41.18087;-8.621227;-0.1504688;0.7187418
112628000;41.18066;-8.621902;-0.1504806;0.7187381
112628001;41.18055;-8.622285;-0.1504873;0.7187361
112628005;41.18043;-8.622694;-0.1504944;0.7187341
112628006;41.17986;-8.626829;-0.1505666;0.7187241
112628010;41.17928;-8.632215;-0.1506606;0.7187141
112628012;41.17928;-8.632421;-0.1506642;0.7187139
112628013;41.17929;-8.632584;-0.150667;0.7187141
112628014;41.17944;-8.632841;-0.1506715;0.7187167
112628017;41.18393;-8.640911;-0.1508123;0.7187951
112628019;41.18422;-8.64142;-0.1508212;0.7188002
112628020;41.18432;-8.641662;-0.1508255;0.718802
112628022;41.18439;-8.642004;-0.1508314;0.7188033
112628023;41.1844;-8.642399;-0.1508383;0.7188033
112628024;41.18436;-8.642748;-0.1508444;0.7188027
112628025;41.18427;-8.643056;-0.1508498;0.718801
112628026;41.18277;-8.646217;-0.150905;0.718775
112628027;41.18221;-8.647262;-0.1509232;0.7187652
112629313;41.18037;-8.62291;-0.1504982;0.7187331
112630797;41.18131;-8.620588;-0.1504577;0.7187494
112631533;41.18145;-8.620421;-0.1504547;0.7187518
112632829;41.18091;-8.62268;-0.1504942;0.7187424
112632832;41.18058;-8.623022;-0.1505001;0.7187368
112632836;41.18033;-8.623503;-0.1505085;0.7187323
112633698;41.17952;-8.623425;-0.1505072;0.7187182
112633704;41.17981;-8.623525;-0.1505089;0.7187232
112633972;41.17936;-8.623131;-0.150502;0.7187153
112634552;41.17964;-8.622481;-0.1504907;0.7187203
112634554;41.17939;-8.622753;-0.1504954;0.718716
112636626;41.1813;-8.622113;-0.1504843;0.7187493
112636627;41.18146;-8.622024;-0.1504827;0.718752
112636630;41.18163;-8.621502;-0.1504736;0.718755
112636633;41.18148;-8.621183;-0.150468;0.7187525
112636636;41.18123;-8.621074;-0.1504661;0.7187481
112636640;41.18101;-8.621151;-0.1504675;0.7187442
112637633;41.17973;-8.622059;-0.1504833;0.7187219
112637635;41.18008;-8.621881;-0.1504802;0.7187279
112637638;41.1804;-8.621549;-0.1504744;0.7187337
112638852;41.18267;-8.622577;-0.1504924;0.7187732
112638853;41.18226;-8.622462;-0.1504904;0.718766
112638854;41.18128;-8.622365;-0.1504887;0.718749
112638858;41.17897;-8.622421;-0.1504896;0.7187086
112640152;41.18274;-8.622414;-0.1504895;0.7187743
112640154;41.1824;-8.622318;-0.1504878;0.7187684
112640155;41.18217;-8.622275;-0.1504871;0.7187645
112640157;41.18179;-8.622198;-0.1504857;0.7187578
112640159;41.18148;-8.622187;-0.1504855;0.7187525
112640161;41.18034;-8.622231;-0.1504863;0.7187325
112640162;41.17979;-8.622245;-0.1504866;0.718723
112640768;41.17727;-8.622523;-0.1504914;0.7186788
112641245;41.1779;-8.622481;-0.1504907;0.71869
112641257;41.17859;-8.622633;-0.1504933;0.718702
112641653;41.17708;-8.622362;-0.1504886;0.7186756
112642518;41.1834;-8.622903;-0.150498;0.718786
112642521;41.18303;-8.622725;-0.1504949;0.7187794
112643062;41.18348;-8.622808;-0.1504964;0.7187873
112643064;41.18327;-8.62267;-0.150494;0.7187836
112643065;41.18306;-8.622559;-0.150492;0.71878
112651992;41.18112;-8.593495;-0.1499848;0.7187461
112651993;41.18181;-8.595385;-0.1500178;0.7187582
112651994;41.18238;-8.597376;-0.1500525;0.7187681
112651995;41.18346;-8.601417;-0.150123;0.7187871
112651997;41.18458;-8.606362;-0.1502094;0.7188065
112651999;41.18468;-8.606904;-0.1502188;0.7188083
112652000;41.18474;-8.607392;-0.1502273;0.7188093
112652001;41.18476;-8.607854;-0.1502354;0.7188097
112652002;41.18474;-8.60846;-0.150246;0.7188094
112652003;41.18459;-8.609452;-0.1502633;0.7188067
112652004;41.18455;-8.609679;-0.1502672;0.718806
112652006;41.18437;-8.610345;-0.1502789;0.7188028
112652009;41.18417;-8.610888;-0.1502883;0.7187993
112652011;41.18367;-8.612095;-0.1503094;0.7187907
112652012;41.18353;-8.612453;-0.1503157;0.7187883
112652014;41.18341;-8.612769;-0.1503212;0.7187861
112652015;41.18333;-8.613437;-0.1503328;0.7187846
112652017;41.18291;-8.617283;-0.1504;0.7187775
112652018;41.18287;-8.617503;-0.1504038;0.7187767
112652019;41.18274;-8.617751;-0.1504081;0.7187744
114302657;41.18563;-8.624242;-0.1505214;0.7188249
114302658;41.18724;-8.625294;-0.1505398;0.718853
114302659;41.18853;-8.626172;-0.1505551;0.7188755
114302729;41.18469;-8.62381;-0.1505139;0.7188085
114302732;41.18774;-8.625837;-0.1505493;0.7188618
114302737;41.1889;-8.626529;-0.1505613;0.718882
114302741;41.18955;-8.626948;-0.1505686;0.7188932
114302744;41.19053;-8.627556;-0.1505793;0.7189103
126604779;41.17589;-8.627836;-0.1505841;0.7186549
126604780;41.17511;-8.627643;-0.1505808;0.7186412
126604781;41.17474;-8.627491;-0.1505781;0.7186348
126604783;41.17326;-8.626704;-0.1505644;0.7186089
126604784;41.17272;-8.626419;-0.1505594;0.7185995
126606845;41.17297;-8.626538;-0.1505615;0.7186038
126608577;41.16915;-8.625621;-0.1505455;0.7185372
128560413;41.1847;-8.613242;-0.1503294;0.7188085
128560415;41.17861;-8.614022;-0.150343;0.7187023
128560419;41.17762;-8.614101;-0.1503444;0.7186851
128560420;41.17655;-8.61413;-0.1503449;0.7186663
128560421;41.17637;-8.614098;-0.1503444;0.7186633
128560423;41.17574;-8.613885;-0.1503406;0.7186521
128560426;41.17499;-8.613618;-0.150336;0.7186392
128560429;41.17407;-8.613302;-0.1503305;0.7186231
128569678;41.17402;-8.617055;-0.150396;0.7186222
128569766;41.1739;-8.617028;-0.1503955;0.7186201
128571476;41.17479;-8.612689;-0.1503198;0.7186356
128571477;41.17467;-8.611549;-0.1502999;0.7186337
128571478;41.17459;-8.61114;-0.1502928;0.7186322
128571479;41.17451;-8.610853;-0.1502877;0.7186308
128573633;41.17465;-8.614171;-0.1503457;0.7186332
128573635;41.17451;-8.614925;-0.1503588;0.7186308
128573640;41.17428;-8.616114;-0.1503796;0.7186268
128573643;41.17414;-8.617236;-0.1503991;0.7186242
128573644;41.17404;-8.617892;-0.1504106;0.7186225
128575847;41.1737;-8.617978;-0.1504121;0.7186167
128575849;41.1738;-8.61686;-0.1503926;0.7186183
128575853;41.17418;-8.614004;-0.1503427;0.7186251
128577510;41.17422;-8.612751;-0.1503209;0.7186257
128577516;41.17418;-8.611321;-0.1502959;0.7186251
128577517;41.17416;-8.610717;-0.1502854;0.7186247
128577519;41.17411;-8.610068;-0.150274;0.7186238
128579264;41.17301;-8.607455;-0.1502284;0.7186046
128579822;41.17294;-8.60602;-0.1502034;0.7186034
128579825;41.17285;-8.606943;-0.1502195;0.7186018
128579831;41.17289;-8.60708;-0.1502219;0.7186025
128579832;41.17296;-8.607239;-0.1502247;0.7186037
128580161;41.17316;-8.605671;-0.1501973;0.7186073
128580163;41.17305;-8.6058;-0.1501995;0.7186053
128580166;41.17298;-8.605908;-0.1502014;0.718604
128580399;41.17326;-8.608026;-0.1502384;0.718609
128581932;41.17281;-8.605433;-0.1501931;0.7186011
128588858;41.17258;-8.604371;-0.1501746;0.7185971
128597080;41.17361;-8.605818;-0.1501999;0.7186151
128616477;41.1748;-8.613621;-0.150336;0.7186359
128616478;41.17424;-8.613451;-0.1503331;0.7186261
128617100;41.17424;-8.613274;-0.15033;0.7186261
128617101;41.17485;-8.613478;-0.1503335;0.7186366
128623929;41.17471;-8.612833;-0.1503223;0.7186342
128623931;41.17462;-8.612927;-0.1503239;0.7186326
128623933;41.17449;-8.61298;-0.1503249;0.7186304
128623934;41.17435;-8.612916;-0.1503237;0.718628
128623935;41.17427;-8.612821;-0.1503221;0.7186267
128625787;41.17433;-8.613924;-0.1503413;0.7186276
128625788;41.17444;-8.613928;-0.1503414;0.7186295
128625791;41.17453;-8.61396;-0.150342;0.7186312
128625793;41.17462;-8.6141;-0.1503444;0.7186327
257736544;41.17159;-8.634898;-0.1507074;0.7185798
257736645;41.17175;-8.634109;-0.1506936;0.7185826
257736647;41.17186;-8.633628;-0.1506852;0.7185844
257736648;41.1719;-8.633456;-0.1506822;0.7185852
257736649;41.17201;-8.633336;-0.1506801;0.7185871
257736650;41.17215;-8.633242;-0.1506785;0.7185895
257736651;41.17228;-8.633233;-0.1506783;0.7185918
257736652;41.17244;-8.633276;-0.1506791;0.7185947
257736653;41.17403;-8.63404;-0.1506924;0.7186223
280065295;41.19009;-8.632998;-0.1506742;0.7189026
287458354;41.18843;-8.612393;-0.1503146;0.7188737
287458356;41.186;-8.613035;-0.1503258;0.7188314
287458362;41.18722;-8.612696;-0.1503199;0.7188526
287458391;41.1893;-8.605106;-0.1501874;0.7188889
287458421;41.18425;-8.604878;-0.1501835;0.7188008
287458423;41.18599;-8.603462;-0.1501587;0.7188311
287458425;41.18628;-8.603543;-0.1501602;0.7188362
287458427;41.18715;-8.60384;-0.1501653;0.7188513
287458429;41.18129;-8.604646;-0.1501794;0.7187492
287458431;41.18377;-8.60348;-0.1501591;0.7187924
287458435;41.18407;-8.604916;-0.1501841;0.7187977
287458438;41.17769;-8.607152;-0.1502231;0.7186863
287458440;41.17928;-8.605655;-0.150197;0.718714
287458442;41.1796;-8.605463;-0.1501937;0.7187195
287458443;41.17444;-8.609932;-0.1502717;0.7186296
287458447;41.17394;-8.610381;-0.1502795;0.7186208
287458449;41.17277;-8.610378;-0.1502794;0.7186003
287458452;41.17536;-8.608517;-0.150247;0.7186456
287458454;41.17536;-8.608898;-0.1502536;0.7186456
287458456;41.17501;-8.609436;-0.150263;0.7186395
291991193;41.17979;-8.627476;-0.1505779;0.7187229
291991212;41.18053;-8.62751;-0.1505785;0.7187359
296057068;41.1811;-8.623633;-0.1505108;0.7187457
296057070;41.18087;-8.625771;-0.1505481;0.7187417
296057078;41.18105;-8.624081;-0.1505186;0.7187449
296057110;41.1822;-8.624304;-0.1505225;0.718765
296058425;41.18234;-8.622958;-0.150499;0.7187674
296058426;41.18204;-8.625964;-0.1505515;0.7187622
296058427;41.18184;-8.628028;-0.1505875;0.7187586
296058428;41.18174;-8.629025;-0.1506049;0.7187569
296058429;41.18156;-8.629234;-0.1506086;0.7187539
296058430;41.18121;-8.629127;-0.1506067;0.7187476
296058742;41.18071;-8.630184;-0.1506251;0.7187389
296058743;41.18096;-8.630281;-0.1506268;0.7187433
296058746;41.18732;-8.632322;-0.1506625;0.7188544
296058885;41.17941;-8.629583;-0.1506146;0.7187163
296058886;41.18366;-8.631446;-0.1506471;0.7187904
296058969;41.18401;-8.630298;-0.1506271;0.7187966
296059321;41.18371;-8.628759;-0.1506003;0.7187914
296059590;41.18045;-8.628844;-0.1506017;0.7187345
296059591;41.18053;-8.628895;-0.1506026;0.7187358
296059595;41.1852;-8.631812;-0.1506535;0.7188173
296060331;41.18714;-8.640332;-0.1508022;0.7188512
296060854;41.18256;-8.646624;-0.150912;0.7187713
297369929;41.17767;-8.614229;-0.1503467;0.7186859
297369930;41.17788;-8.614985;-0.1503599;0.7186896
297369931;41.17804;-8.615541;-0.1503696;0.7186923
297369932;41.17822;-8.616409;-0.1503847;0.7186955
297369933;41.17837;-8.61722;-0.1503989;0.7186981
297369934;41.17849;-8.61786;-0.15041;0.7187003
297369936;41.17871;-8.619391;-0.1504368;0.7187041
297369940;41.17951;-8.621709;-0.1504772;0.718718
297369941;41.1796;-8.621798;-0.1504788;0.7187195
297369942;41.17981;-8.62185;-0.1504797;0.7187232
297369943;41.17999;-8.621749;-0.1504779;0.7187265
297369944;41.18034;-8.621445;-0.1504726;0.7187326
297369945;41.18052;-8.621134;-0.1504672;0.7187356
297369946;41.18069;-8.620822;-0.1504617;0.7187387
297369947;41.18087;-8.620514;-0.1504564;0.7187418
297370410;41.17799;-8.627171;-0.1505725;0.7186916
297370462;41.17976;-8.628936;-0.1506033;0.7187223
297370463;41.18022;-8.629036;-0.1506051;0.7187304
297370465;41.18039;-8.62895;-0.1506036;0.7187334
297370584;41.18029;-8.624936;-0.1505335;0.7187316
297370586;41.18095;-8.625051;-0.1505356;0.7187433
297880007;41.17744;-8.623447;-0.1505076;0.7186819
297880008;41.17725;-8.622688;-0.1504943;0.7186785
297880009;41.17712;-8.622169;-0.1504852;0.7186763
297880010;41.177;-8.621755;-0.150478;0.7186742
297880023;41.17488;-8.620222;-0.1504513;0.7186373
297880024;41.17544;-8.620291;-0.1504524;0.718647
297880025;41.17609;-8.620377;-0.150454;0.7186583
297880026;41.17625;-8.620358;-0.1504536;0.7186611
297880027;41.17658;-8.620101;-0.1504491;0.7186669
297880033;41.1756;-8.61492;-0.1503587;0.7186498
297880041;41.17512;-8.618548;-0.1504221;0.7186415
297880042;41.17505;-8.618967;-0.1504294;0.7186401
297880046;41.17478;-8.621029;-0.1504653;0.7186355
297880050;41.17539;-8.61648;-0.1503859;0.7186462
297880051;41.17521;-8.617892;-0.1504106;0.7186429
297880052;41.17494;-8.619731;-0.1504427;0.7186383
297880054;41.17487;-8.620343;-0.1504534;0.7186371
343646749;41.1718;-8.616444;-0.1503853;0.7185835
343646763;41.17041;-8.625899;-0.1505504;0.7185592
410662881;41.17752;-8.622341;-0.1504882;0.7186834
411029251;41.17352;-8.622025;-0.1504827;0.7186134
411029252;41.1734;-8.621981;-0.150482;0.7186114
411029253;41.17368;-8.619174;-0.150433;0.7186162
411029254;41.17345;-8.62268;-0.1504942;0.7186123
411029264;41.17211;-8.622257;-0.1504868;0.7185888
411029266;41.17332;-8.620581;-0.1504575;0.71861
411066295;41.17309;-8.626253;-0.1505565;0.718606
411066296;41.17303;-8.626788;-0.1505659;0.718605
411066303;41.17298;-8.626199;-0.1505556;0.718604
411504967;41.17371;-8.605257;-0.1501901;0.7186167
411504968;41.17374;-8.605592;-0.1501959;0.7186174
411504969;41.17384;-8.605885;-0.150201;0.7186191
411504977;41.17468;-8.599753;-0.150094;0.7186337
411504979;41.17395;-8.600734;-0.1501111;0.718621
411504981;41.17384;-8.600998;-0.1501157;0.7186191
411504984;41.17379;-8.601234;-0.1501199;0.7186182
411504986;41.17376;-8.601566;-0.1501257;0.7186177
411504987;41.17371;-8.60358;-0.1501608;0.7186168
411504988;41.17363;-8.605655;-0.150197;0.7186155
411506246;41.17435;-8.606076;-0.1502044;0.718628
411831032;41.17373;-8.617649;-0.1504063;0.7186171
411834913;41.17294;-8.609511;-0.1502643;0.7186033
411834914;41.17314;-8.608371;-0.1502444;0.7186068
411834915;41.17332;-8.607331;-0.1502263;0.71861
412246600;41.17855;-8.606323;-0.1502087;0.7187013
412246602;41.17639;-8.603919;-0.1501667;0.7186635
412246603;41.17653;-8.603923;-0.1501668;0.718666
412246604;41.17671;-8.604003;-0.1501682;0.7186692
412246606;41.17698;-8.604337;-0.150174;0.7186739
412246607;41.17762;-8.605254;-0.15019;0.7186851
412246608;41.17835;-8.606237;-0.1502072;0.7186978
412247985;41.17638;-8.603765;-0.150164;0.7186635
412247991;41.17672;-8.602757;-0.1501464;0.7186693
412247996;41.17682;-8.602172;-0.1501362;0.7186711
412248000;41.17678;-8.601951;-0.1501324;0.7186703
412248004;41.17661;-8.601693;-0.1501279;0.7186674
412248006;41.176;-8.600886;-0.1501138;0.7186568
412248011;41.1759;-8.600744;-0.1501113;0.718655
412248019;41.1758;-8.600197;-0.1501018;0.7186534
412249442;41.1737;-8.603764;-0.150164;0.7186167
412249443;41.1745;-8.603812;-0.1501649;0.7186307
412249444;41.17498;-8.60384;-0.1501653;0.718639
412249445;41.17526;-8.603856;-0.1501656;0.7186439
412249446;41.1762;-8.603909;-0.1501665;0.7186602
416007714;41.17297;-8.60932;-0.150261;0.7186038
416480025;41.18092;-8.64914;-0.150956;0.7187425
420774512;41.18135;-8.609386;-0.1502621;0.7187501
420776893;41.18192;-8.595749;-0.1500241;0.71876
420776894;41.1823;-8.59713;-0.1500482;0.7187668
420776895;41.18234;-8.597224;-0.1500499;0.7187674
420777494;41.1739;-8.600844;-0.150113;0.7186202
420807841;41.18356;-8.603076;-0.150152;0.7187887
420865849;41.18691;-8.61573;-0.1503729;0.7188472
420865851;41.18668;-8.615452;-0.150368;0.7188432
420865853;41.18661;-8.615336;-0.150366;0.718842
420865854;41.18663;-8.61496;-0.1503594;0.7188424
420865856;41.18648;-8.6138;-0.1503392;0.7188397
420865858;41.18596;-8.613042;-0.1503259;0.7188306
422548043;41.17911;-8.652652;-0.1510173;0.7187111
425743085;41.17162;-8.626153;-0.1505548;0.7185802
429200554;41.18661;-8.614401;-0.1503497;0.718842
429200555;41.18764;-8.615156;-0.1503628;0.71886
429833962;41.18568;-8.602269;-0.1501379;0.7188257
429833964;41.18624;-8.603188;-0.1501539;0.7188355
429833965;41.18694;-8.603309;-0.1501561;0.7188476
429833968;41.18745;-8.603328;-0.1501564;0.7188567
429833970;41.18758;-8.603214;-0.1501544;0.7188589
430006697;41.18023;-8.60515;-0.1501882;0.7187306
430023257;41.18877;-8.63267;-0.1506685;0.7188796
430023260;41.18906;-8.631243;-0.1506436;0.7188847
430023263;41.189;-8.63158;-0.1506495;0.7188836
430023268;41.19015;-8.633013;-0.1506745;0.7189038
430023280;41.18933;-8.636794;-0.1507405;0.7188894
430023282;41.18912;-8.636731;-0.1507394;0.7188857
430023283;41.18827;-8.636559;-0.1507364;0.718871
430023284;41.18756;-8.636405;-0.1507337;0.7188586
430023285;41.18698;-8.636293;-0.1507318;0.7188483
430023286;41.1867;-8.636319;-0.1507322;0.7188435
430023287;41.18652;-8.636411;-0.1507338;0.7188404
430023288;41.18629;-8.636614;-0.1507373;0.7188364
430267067;41.18584;-8.603581;-0.1501608;0.7188284
430267068;41.18593;-8.603859;-0.1501657;0.71883
430267069;41.186;-8.604193;-0.1501715;0.7188314
430267070;41.186;-8.604497;-0.1501768;0.7188312
430267072;41.18774;-8.604247;-0.1501724;0.7188618
430267074;41.18758;-8.605314;-0.1501911;0.7188589
430267079;41.18339;-8.60111;-0.1501177;0.7187858
430267083;41.18468;-8.602617;-0.150144;0.7188082
430284728;41.18677;-8.61423;-0.1503467;0.7188447
430284730;41.18707;-8.61412;-0.1503447;0.71885
430284732;41.18739;-8.614049;-0.1503435;0.7188555
430284734;41.18761;-8.613982;-0.1503423;0.7188594
430284736;41.18772;-8.613934;-0.1503415;0.7188613
430284739;41.18792;-8.613742;-0.1503382;0.7188648
430284741;41.18818;-8.613552;-0.1503348;0.7188693
430284743;41.18831;-8.613182;-0.1503284;0.7188716
430284746;41.1884;-8.612748;-0.1503208;0.7188732
430284754;41.18603;-8.612051;-0.1503086;0.7188318
430284757;41.1861;-8.610374;-0.1502794;0.718833
430284763;41.18662;-8.610469;-0.150281;0.7188421
430284766;41.18741;-8.611179;-0.1502934;0.7188559
430284769;41.18754;-8.611181;-0.1502935;0.7188581
430284771;41.18774;-8.611294;-0.1502954;0.7188617
430284773;41.18793;-8.611488;-0.1502988;0.718865
430284775;41.18811;-8.611716;-0.1503028;0.7188681
430284777;41.18824;-8.611872;-0.1503055;0.7188704
430284786;41.18835;-8.612098;-0.1503095;0.7188722
430284788;41.18842;-8.612293;-0.1503129;0.7188734
430284789;41.18642;-8.616255;-0.150382;0.7188386
430284790;41.18602;-8.616207;-0.1503812;0.7188316
430284791;41.18563;-8.615592;-0.1503704;0.7188249
430284792;41.18533;-8.614884;-0.1503581;0.7188196
430284793;41.18444;-8.615409;-0.1503672;0.7188042
430284795;41.18441;-8.615701;-0.1503723;0.7188035
430284797;41.18437;-8.615937;-0.1503765;0.7188029
430284800;41.18424;-8.616316;-0.1503831;0.7188006
430284801;41.18425;-8.616837;-0.1503922;0.7188007
430284803;41.18394;-8.617096;-0.1503967;0.7187954
430284806;41.18399;-8.617714;-0.1504075;0.7187963
430284807;41.18417;-8.6182;-0.150416;0.7187993
430284809;41.18421;-8.618583;-0.1504226;0.7188001
430284812;41.18423;-8.618708;-0.1504248;0.7188005
430284814;41.18413;-8.618965;-0.1504293;0.7187986
430284815;41.18383;-8.618949;-0.150429;0.7187935
430284817;41.18319;-8.618855;-0.1504274;0.7187823
430284820;41.18599;-8.615209;-0.1503638;0.7188312
430284822;41.18606;-8.61481;-0.1503568;0.7188323
430284823;41.18606;-8.61418;-0.1503458;0.7188324
430284826;41.18607;-8.614038;-0.1503433;0.7188325
430284828;41.18626;-8.61346;-0.1503332;0.7188358
430284829;41.18387;-8.614959;-0.1503594;0.7187941
430284831;41.18382;-8.613697;-0.1503374;0.7187932
430284833;41.18381;-8.613351;-0.1503313;0.7187931
430284834;41.18381;-8.612552;-0.1503174;0.718793
430284836;41.18379;-8.611817;-0.1503046;0.7187927
430284839;41.18608;-8.613216;-0.150329;0.7188328
430284841;41.18572;-8.613703;-0.1503375;0.7188265
430284842;41.1855;-8.614095;-0.1503443;0.7188225
430284844;41.18466;-8.61396;-0.150342;0.7188079
430284846;41.18433;-8.613941;-0.1503416;0.7188021
430391847;41.18668;-8.6373;-0.1507493;0.7188432
430391870;41.18716;-8.639449;-0.1507868;0.7188516
431615501;41.18851;-8.604712;-0.1501805;0.7188751
431647219;41.1828;-8.616784;-0.1503913;0.7187755
431647237;41.17846;-8.61767;-0.1504067;0.7186996
431647238;41.17859;-8.618458;-0.1504205;0.718702
431647245;41.18253;-8.613532;-0.1503345;0.7187707
431647254;41.18229;-8.616794;-0.1503914;0.7187666
431647259;41.18227;-8.617025;-0.1503955;0.7187662
431647261;41.18221;-8.617315;-0.1504005;0.7187651
431647262;41.18209;-8.617524;-0.1504042;0.7187631
431647264;41.18198;-8.617638;-0.1504062;0.7187611
431647266;41.18183;-8.617717;-0.1504075;0.7187585
431647269;41.1817;-8.617743;-0.150408;0.7187563
431647272;41.1811;-8.617785;-0.1504087;0.7187458
431647273;41.17971;-8.618395;-0.1504194;0.7187214
431647274;41.1792;-8.618478;-0.1504208;0.7187126
431647288;41.17896;-8.617384;-0.1504017;0.7187085
431647290;41.17902;-8.617483;-0.1504035;0.7187094
431647293;41.17908;-8.618349;-0.1504186;0.7187105
431647309;41.17845;-8.618681;-0.1504244;0.7186995
431647320;41.17604;-8.619864;-0.150445;0.7186575
431654283;41.1739;-8.619551;-0.1504395;0.7186202
431654285;41.1735;-8.619833;-0.1504445;0.7186131
431654290;41.17331;-8.619905;-0.1504457;0.7186098
431654293;41.17308;-8.619926;-0.1504461;0.7186058
431654295;41.17208;-8.619609;-0.1504406;0.7185884
431654297;41.17149;-8.619681;-0.1504418;0.7185781
431654316;41.17374;-8.61991;-0.1504458;0.7186173
431654335;41.17414;-8.619466;-0.1504381;0.7186244
431654337;41.1743;-8.619473;-0.1504382;0.718627
431925047;41.18526;-8.601708;-0.1501281;0.7188184
431925048;41.1829;-8.599344;-0.1500869;0.7187772
432597947;41.17732;-8.609202;-0.1502589;0.7186798
432597949;41.17667;-8.611871;-0.1503055;0.7186685
432597951;41.1754;-8.609144;-0.1502579;0.7186462
432597952;41.17556;-8.609751;-0.1502685;0.718649
432597953;41.17579;-8.610523;-0.150282;0.7186531
432597954;41.17646;-8.611579;-0.1503004;0.7186649
434137188;41.18391;-8.617271;-0.1503998;0.7187948
434137189;41.18392;-8.617498;-0.1504037;0.7187949
434137190;41.1864;-8.615499;-0.1503688;0.7188382
434137191;41.18628;-8.615518;-0.1503692;0.7188362
434137192;41.18607;-8.615514;-0.1503691;0.7188325
434137193;41.18582;-8.615483;-0.1503686;0.7188282
434137194;41.18448;-8.618731;-0.1504252;0.7188048
434137195;41.18419;-8.619148;-0.1504325;0.7187998
434137196;41.18425;-8.619538;-0.1504393;0.7188008
434137197;41.18432;-8.619857;-0.1504449;0.718802
434137198;41.18439;-8.620076;-0.1504487;0.7188033
434137199;41.18451;-8.620247;-0.1504517;0.7188052
434137200;41.18456;-8.620317;-0.1504529;0.7188061
434137201;41.18467;-8.620426;-0.1504548;0.7188082
434137202;41.18473;-8.620588;-0.1504577;0.7188091
434137203;41.1848;-8.620898;-0.1504631;0.7188104
434137204;41.18489;-8.621234;-0.1504689;0.7188119
434137205;41.18488;-8.621462;-0.1504729;0.7188118
434137206;41.18487;-8.621677;-0.1504767;0.7188116
434137207;41.18494;-8.622095;-0.150484;0.7188128
434137208;41.18419;-8.620665;-0.150459;0.7187998
435240867;41.17691;-8.612308;-0.1503131;0.7186726
435240873;41.17712;-8.612799;-0.1503217;0.7186763
435240876;41.17731;-8.61329;-0.1503303;0.7186797
435240878;41.17751;-8.613825;-0.1503396;0.7186832
435240919;41.17473;-8.609694;-0.1502675;0.7186347
435240964;41.17651;-8.613195;-0.1503286;0.7186656
435240968;41.17495;-8.612757;-0.150321;0.7186384
435240969;41.1749;-8.611752;-0.1503034;0.7186375
435240970;41.17516;-8.611726;-0.150303;0.7186421
435240972;41.17508;-8.610631;-0.1502839;0.7186407
435240974;41.1748;-8.610651;-0.1502842;0.7186359
435759029;41.18415;-8.603386;-0.1501574;0.7187989
435759031;41.18479;-8.603134;-0.150153;0.7188102
435759032;41.18488;-8.603663;-0.1501622;0.7188118
435759033;41.1851;-8.604177;-0.1501712;0.7188156
444004614;41.18451;-8.607109;-0.1502224;0.7188052
444004615;41.18444;-8.606974;-0.15022;0.7188042
444004616;41.1843;-8.606813;-0.1502172;0.7188017
444004617;41.18414;-8.606757;-0.1502163;0.7187988
444004618;41.18397;-8.60683;-0.1502175;0.7187958
444004619;41.18386;-8.607044;-0.1502213;0.718794
444004620;41.18384;-8.607374;-0.150227;0.7187936
444004621;41.18384;-8.607596;-0.1502309;0.7187936
444004622;41.18383;-8.607943;-0.1502369;0.7187935
444004623;41.18382;-8.608321;-0.1502436;0.7187933
444004625;41.18437;-8.607395;-0.1502274;0.7188028
444004626;41.18383;-8.607822;-0.1502348;0.7187935
444004627;41.18436;-8.607843;-0.1502352;0.7188026
444004628;41.18382;-8.608269;-0.1502426;0.7187933
444004629;41.18435;-8.608297;-0.1502431;0.7188025
444004630;41.18375;-8.608135;-0.1502403;0.718792
444004631;41.18367;-8.608213;-0.1502417;0.7187907
444004632;41.18359;-8.608257;-0.1502424;0.7187892
444004633;41.18346;-8.608257;-0.1502424;0.7187869
444004634;41.18324;-8.608208;-0.1502416;0.718783
444004638;41.1826;-8.60787;-0.1502357;0.7187719
444004639;41.18244;-8.607871;-0.1502357;0.7187691
444004640;41.18232;-8.607975;-0.1502375;0.718767
444004641;41.18227;-8.608102;-0.1502397;0.7187662
444004644;41.18224;-8.608915;-0.1502539;0.7187656
444004645;41.18222;-8.609435;-0.150263;0.7187653
444004646;41.18225;-8.608454;-0.1502459;0.7187659
444004647;41.18278;-8.60849;-0.1502465;0.718775
444004648;41.18139;-8.613677;-0.150337;0.7187508
444004649;41.18136;-8.611452;-0.1502982;0.7187504
444004650;41.18213;-8.613584;-0.1503354;0.7187636
444004651;41.18202;-8.611417;-0.1502976;0.7187619
444004652;41.1838;-8.611238;-0.1502945;0.718793
444004653;41.18378;-8.610417;-0.1502801;0.7187926
444004654;41.18376;-8.610161;-0.1502757;0.7187922
444004655;41.18369;-8.609499;-0.1502641;0.7187909
444004656;41.17636;-8.615108;-0.150362;0.7186632
444004657;41.17617;-8.616624;-0.1503885;0.7186598
444004658;41.17628;-8.615715;-0.1503726;0.7186617
444004659;41.17641;-8.614778;-0.1503562;0.7186639
444004660;41.17522;-8.614826;-0.1503571;0.7186431
444004661;41.17484;-8.616354;-0.1503837;0.7186366
444004662;41.17716;-8.608652;-0.1502493;0.718677
444004663;41.17686;-8.608872;-0.1502532;0.7186718
444004664;41.17673;-8.608954;-0.1502546;0.7186695
444004665;41.17645;-8.609017;-0.1502557;0.7186646
444004666;41.17611;-8.609034;-0.150256;0.7186586
444004667;41.17572;-8.609082;-0.1502568;0.7186518
444004668;41.17548;-8.609107;-0.1502573;0.7186476
444004669;41.17463;-8.606431;-0.1502106;0.7186329
444004670;41.17487;-8.606714;-0.1502155;0.718637
444004671;41.17503;-8.606919;-0.1502191;0.7186398
444004672;41.17515;-8.607183;-0.1502237;0.718642
444004673;41.1753;-8.607876;-0.1502358;0.7186445
444004674;41.17532;-8.608094;-0.1502396;0.7186449
444004676;41.17524;-8.60748;-0.1502289;0.7186435
444004677;41.17546;-8.607607;-0.1502311;0.7186474
444004678;41.17561;-8.607677;-0.1502323;0.71865
444004679;41.17587;-8.60769;-0.1502325;0.7186544
444004680;41.17619;-8.6076;-0.150231;0.7186601
444004681;41.17648;-8.607414;-0.1502277;0.7186651
444004682;41.17696;-8.607053;-0.1502214;0.7186736
444004683;41.17703;-8.60705;-0.1502214;0.7186747
444011309;41.17822;-8.606638;-0.1502142;0.7186955
444011310;41.1782;-8.606551;-0.1502127;0.7186952
444011311;41.17535;-8.608437;-0.1502456;0.7186455
444011313;41.17691;-8.60814;-0.1502404;0.7186726
444011315;41.17447;-8.606213;-0.1502067;0.7186301
444011318;41.17462;-8.605808;-0.1501997;0.7186327
444011320;41.17495;-8.605772;-0.1501991;0.7186384
444011321;41.17521;-8.605737;-0.1501984;0.718643
444011323;41.17556;-8.605751;-0.1501987;0.7186491
446308238;41.18375;-8.602789;-0.150147;0.718792
446308240;41.18383;-8.603377;-0.1501573;0.7187935
446308245;41.18449;-8.609565;-0.1502652;0.7188049
446308246;41.18453;-8.609619;-0.1502662;0.7188056
492795582;41.18128;-8.648876;-0.1509514;0.718749
519337747;41.17844;-8.606433;-0.1502106;0.7186993
532488363;41.19089;-8.627757;-0.1505828;0.7189167
542811466;41.17591;-8.636897;-0.1507423;0.7186552
542811471;41.1755;-8.633638;-0.1506854;0.718648
559928693;41.17511;-8.638824;-0.1507759;0.7186413
737409653;41.1857;-8.615837;-0.1503747;0.7188261
742656905;41.18869;-8.626276;-0.1505569;0.7188783
788743379;41.18556;-8.616299;-0.1503828;0.7188236
788743381;41.18563;-8.616091;-0.1503792;0.7188249
788743388;41.18609;-8.614505;-0.1503515;0.7188329
788743391;41.18457;-8.615335;-0.150366;0.7188063
788743401;41.18535;-8.614448;-0.1503505;0.7188199
788743405;41.1853;-8.616802;-0.1503916;0.718819
788743413;41.1854;-8.614334;-0.1503485;0.7188209
788743416;41.18537;-8.616657;-0.150389;0.7188203
788743446;41.18378;-8.614474;-0.1503509;0.7187925
788743450;41.18531;-8.614659;-0.1503542;0.7188192
788743452;41.18485;-8.617372;-0.1504015;0.7188113
788743468;41.18531;-8.61453;-0.1503519;0.7188193
788743470;41.18497;-8.617236;-0.1503991;0.7188133
788743478;41.18464;-8.615527;-0.1503693;0.7188075
788743484;41.18472;-8.617318;-0.1504006;0.7188089
788743488;41.18567;-8.61441;-0.1503498;0.7188255
788743496;41.18566;-8.615729;-0.1503728;0.7188254
788743500;41.18651;-8.615438;-0.1503678;0.7188402
788743501;41.18478;-8.617355;-0.1504012;0.7188101
788743510;41.18573;-8.614398;-0.1503496;0.7188266
788743511;41.18585;-8.614331;-0.1503484;0.7188287
788743514;41.18811;-8.614893;-0.1503582;0.7188682
788743521;41.1862;-8.616259;-0.1503821;0.7188349
788743528;41.18551;-8.614338;-0.1503486;0.7188227
788743531;41.18601;-8.614215;-0.1503464;0.7188315
788743536;41.18443;-8.615549;-0.1503697;0.7188038
788743538;41.18616;-8.615524;-0.1503693;0.718834
788743544;41.1856;-8.614401;-0.1503497;0.7188243
788743553;41.18546;-8.61415;-0.1503453;0.7188218
788743559;41.18545;-8.614259;-0.1503472;0.7188216
788743563;41.18549;-8.616434;-0.1503851;0.7188225
788826682;41.1828;-8.598982;-0.1500805;0.7187755
788826702;41.18254;-8.597984;-0.1500631;0.718771
788826707;41.1828;-8.598971;-0.1500804;0.7187755
788826710;41.18258;-8.598129;-0.1500657;0.7187716
839884893;41.17327;-8.633385;-0.150681;0.7186091
839884900;41.17212;-8.632883;-0.1506722;0.7185889
840460255;41.17167;-8.634621;-0.1507026;0.7185811
840460282;41.17271;-8.636127;-0.1507289;0.7185994
840460285;41.1733;-8.636587;-0.1507369;0.7186096
840460298;41.17568;-8.63752;-0.1507532;0.7186512
840469079;41.17662;-8.631339;-0.1506453;0.7186675
885947915;41.1831;-8.631205;-0.1506429;0.7187807
885947916;41.1835;-8.632782;-0.1506705;0.7187877
885947918;41.18484;-8.632951;-0.1506734;0.7188112
885947924;41.18495;-8.631747;-0.1506524;0.718813
885947929;41.18259;-8.633075;-0.1506756;0.7187719
885947930;41.1825;-8.633204;-0.1506778;0.7187703
885947931;41.1824;-8.633253;-0.1506787;0.7187685
885947932;41.18229;-8.633256;-0.1506787;0.7187665
885947933;41.18217;-8.633213;-0.150678;0.7187644
885947934;41.18193;-8.633083;-0.1506757;0.7187604
885947935;41.18151;-8.632849;-0.1506716;0.718753
885947936;41.18115;-8.632688;-0.1506688;0.7187466
885947945;41.18336;-8.634469;-0.1506999;0.7187852
885947946;41.1823;-8.634361;-0.150698;0.7187667
885947947;41.18216;-8.63428;-0.1506966;0.7187644
885947948;41.18212;-8.63418;-0.1506949;0.7187635
885947951;41.18181;-8.633576;-0.1506843;0.7187582
885947957;41.18002;-8.631976;-0.1506564;0.7187269
885947958;41.18003;-8.632183;-0.15066;0.7187271
885947959;41.1801;-8.632335;-0.1506627;0.7187284
885947960;41.18019;-8.632398;-0.1506638;0.7187299
885947962;41.18738;-8.633422;-0.1506816;0.7188554
885947963;41.18535;-8.633107;-0.1506761;0.7188199
885947964;41.1874;-8.634342;-0.1506977;0.7188557
885947965;41.18866;-8.633607;-0.1506849;0.7188777
885947966;41.18561;-8.634395;-0.1506986;0.7188245
885947967;41.18494;-8.634292;-0.1506968;0.7188129
885947969;41.18488;-8.634564;-0.1507016;0.7188118
885947970;41.18486;-8.634816;-0.150706;0.7188114
885947971;41.18478;-8.634938;-0.1507081;0.7188101
885947972;41.18469;-8.634952;-0.1507083;0.7188084
885947973;41.18346;-8.634801;-0.1507057;0.718787
885947974;41.18336;-8.634741;-0.1507047;0.7187852
885947975;41.18334;-8.634661;-0.1507033;0.7187849
885947976;41.18411;-8.637097;-0.1507458;0.7187983
885947977;41.18444;-8.637632;-0.1507551;0.718804
885947980;41.18602;-8.636119;-0.1507287;0.7188316
885947982;41.18337;-8.637794;-0.150758;0.7187855
885947983;41.18282;-8.638346;-0.1507676;0.7187758
885947985;41.18936;-8.635357;-0.1507154;0.7188899
885947986;41.18945;-8.63398;-0.1506914;0.7188915
885947987;41.18937;-8.633801;-0.1506882;0.7188901
885947988;41.18928;-8.633771;-0.1506877;0.7188886
885947989;41.18761;-8.63345;-0.1506821;0.7188594
885947991;41.1857;-8.635562;-0.150719;0.718826
885947992;41.18556;-8.635259;-0.1507137;0.7188237
885947993;41.18605;-8.63446;-0.1506998;0.7188323
885947994;41.18638;-8.634218;-0.1506955;0.7188379
885947995;41.18805;-8.634459;-0.1506997;0.718867
885947996;41.18839;-8.634618;-0.1507025;0.718873
885947997;41.1885;-8.634709;-0.1507041;0.718875
885947999;41.18867;-8.634868;-0.1507069;0.718878
885948000;41.18882;-8.635047;-0.15071;0.7188805
885948003;41.18262;-8.638548;-0.1507711;0.7187724
885948017;41.18835;-8.635981;-0.1507263;0.7188723
885948024;41.18646;-8.635671;-0.1507209;0.7188393
885948025;41.18633;-8.635662;-0.1507207;0.718837
885948026;41.18623;-8.635705;-0.1507215;0.7188352
885948027;41.18594;-8.635981;-0.1507263;0.7188303
885948041;41.18699;-8.637966;-0.1507609;0.7188486
885948045;41.18717;-8.638627;-0.1507725;0.7188517
885948057;41.18697;-8.637822;-0.1507584;0.7188482
1105973251;41.18523;-8.62377;-0.1505132;0.7188179
1105973252;41.18544;-8.623642;-0.150511;0.7188215
1105973254;41.18468;-8.623614;-0.1505105;0.7188083
1105973256;41.18522;-8.62318;-0.1505029;0.7188177
1105973257;41.18501;-8.623749;-0.1505128;0.7188141
1105973259;41.18513;-8.622972;-0.1504993;0.7188162
1105973261;41.18552;-8.623485;-0.1505082;0.718823
1105973264;41.18542;-8.623379;-0.1505063;0.7188212
1105984360;41.17413;-8.623625;-0.1505106;0.7186241
1105984366;41.17406;-8.622566;-0.1504922;0.7186229
1105984368;41.17435;-8.623017;-0.1505;0.7186279
1105984379;41.17353;-8.62341;-0.1505069;0.7186136
1105984381;41.17394;-8.623692;-0.1505118;0.7186208
1105984386;41.17427;-8.622773;-0.1504958;0.7186266
1105984390;41.17343;-8.622881;-0.1504977;0.7186119
1105984395;41.1743;-8.623379;-0.1505063;0.7186272
1105984398;41.17393;-8.622483;-0.1504907;0.7186207
1105984401;41.1737;-8.623631;-0.1505107;0.7186167
1110673403;41.17324;-8.622357;-0.1504885;0.7186086
1110673412;41.17365;-8.61943;-0.1504374;0.7186157
1110673446;41.1736;-8.619981;-0.150447;0.7186148
1110673449;41.17474;-8.622988;-0.1504995;0.7186348
1110673453;41.1752;-8.622831;-0.1504968;0.7186428
1110673464;41.17369;-8.620333;-0.1504532;0.7186165
1110673509;41.17281;-8.622167;-0.1504852;0.7186011
1110673512;41.1753;-8.623053;-0.1505007;0.7186445
1110673534;41.17298;-8.62231;-0.1504877;0.718604
1110673551;41.1725;-8.622176;-0.1504854;0.7185957
1110673561;41.17364;-8.61958;-0.1504401;0.7186155
1110673562;41.17445;-8.623551;-0.1505094;0.7186297
1110673569;41.17522;-8.623193;-0.1505031;0.7186431
1110673579;41.17344;-8.620282;-0.1504523;0.7186121
1110673590;41.17463;-8.623276;-0.1505046;0.7186329
1110673617;41.17378;-8.619473;-0.1504382;0.718618
1110673621;41.17352;-8.620009;-0.1504475;0.7186134
1110673647;41.17212;-8.622351;-0.1504884;0.7185891
1110673650;41.17359;-8.622423;-0.1504897;0.7186147
1110673662;41.17398;-8.623973;-0.1505167;0.7186216
1110673663;41.17194;-8.622483;-0.1504907;0.7185859
1110673678;41.17493;-8.622906;-0.1504981;0.7186382
1110673696;41.17509;-8.622831;-0.1504968;0.7186409
1110673697;41.17381;-8.622353;-0.1504884;0.7186185
1110673701;41.17347;-8.62312;-0.1505018;0.7186126
1110673716;41.17526;-8.622884;-0.1504977;0.7186439
1153073428;41.18784;-8.611392;-0.1502972;0.7188635
1187411596;41.1799;-8.624105;-0.150519;0.7187248
1187411615;41.17969;-8.621852;-0.1504797;0.7187212
1187411630;41.18101;-8.620703;-0.1504596;0.7187442
1187411650;41.18018;-8.621594;-0.1504752;0.7187297
1187411656;41.18052;-8.621871;-0.15048;0.7187357
1187411657;41.18086;-8.621089;-0.1504664;0.7187416
1187411665;41.18107;-8.62059;-0.1504577;0.7187453
1187434185;41.18888;-8.604939;-0.1501845;0.7188817
1202110494;41.16992;-8.625793;-0.1505485;0.7185507
1223751572;41.17683;-8.602392;-0.1501401;0.7186712
1223751578;41.17352;-8.604378;-0.1501747;0.7186134
1223751590;41.17242;-8.602882;-0.1501486;0.7185943
1223751592;41.17294;-8.603547;-0.1501602;0.7186034
1223751600;41.1729;-8.604101;-0.1501699;0.7186026
1223751604;41.1725;-8.603041;-0.1501514;0.7185956
1223751605;41.17299;-8.604321;-0.1501737;0.7186041
1223751610;41.17582;-8.600474;-0.1501066;0.7186536
1223751616;41.17204;-8.601644;-0.150127;0.7185877
1223751632;41.17287;-8.603488;-0.1501592;0.7186022
1223751652;41.17262;-8.603223;-0.1501546;0.7185978
1223751661;41.17207;-8.601754;-0.1501289;0.7185882
1223751666;41.17235;-8.602732;-0.150146;0.7185931
1223751669;41.17649;-8.603383;-0.1501574;0.7186654
1223751671;41.17678;-8.602591;-0.1501435;0.7186704
1223751679;41.17324;-8.603684;-0.1501626;0.7186086
1223751700;41.17357;-8.603755;-0.1501639;0.7186143
1223751720;41.17275;-8.603381;-0.1501573;0.7186001
1223751728;41.17309;-8.603625;-0.1501616;0.718606
1223751746;41.17635;-8.602915;-0.1501492;0.7186629
1223751757;41.17661;-8.602948;-0.1501498;0.7186674
1223751766;41.17339;-8.603722;-0.1501633;0.7186112
1223751780;41.17303;-8.604347;-0.1501742;0.7186049
1223751781;41.17352;-8.604529;-0.1501774;0.7186134
1223751807;41.17279;-8.603918;-0.1501667;0.7186007
1225943121;41.17555;-8.634247;-0.150696;0.718649
1225943148;41.17585;-8.637115;-0.1507461;0.7186542
1225943155;41.17589;-8.636642;-0.1507378;0.7186548
1225943165;41.181;-8.648969;-0.150953;0.7187441
1225943167;41.17555;-8.634732;-0.1507045;0.718649
1270263242;41.17447;-8.636898;-0.1507423;0.71863
1270263243;41.17321;-8.633645;-0.1506855;0.7186081
1270263272;41.17324;-8.638026;-0.150762;0.7186086
1353862687;41.17933;-8.651875;-0.1510037;0.7187149
1353862705;41.17835;-8.654202;-0.1510443;0.7186978
1461624007;41.17471;-8.624569;-0.1505271;0.7186342
1461624008;41.17547;-8.624908;-0.1505331;0.7186475
1461650033;41.17539;-8.627563;-0.1505794;0.7186461
1461650036;41.17579;-8.626068;-0.1505533;0.718653
1461653515;41.17632;-8.626165;-0.150555;0.7186623
1461653517;41.17591;-8.627784;-0.1505832;0.7186552
1461657431;41.17633;-8.623925;-0.1505159;0.7186626
1461657432;41.17581;-8.625939;-0.150551;0.7186534
1461659283;41.1747;-8.625418;-0.1505419;0.7186341
1461659285;41.17572;-8.625876;-0.1505499;0.7186518
1461661740;41.1757;-8.623953;-0.1505164;0.7186515
1461663868;41.17596;-8.625132;-0.1505369;0.718656
1461664426;41.17579;-8.624544;-0.1505267;0.7186531
1461664427;41.17599;-8.623817;-0.150514;0.7186566
1461665866;41.17599;-8.623769;-0.1505132;0.7186566
1461665871;41.17689;-8.624178;-0.1505203;0.7186723
1461675911;41.17581;-8.623395;-0.1505066;0.7186534
1461675913;41.17701;-8.623915;-0.1505157;0.7186744
1461678986;41.17707;-8.625082;-0.1505361;0.7186754
1461678987;41.17648;-8.625652;-0.150546;0.7186651
1471128087;41.17536;-8.627697;-0.1505817;0.7186456
1471128094;41.17352;-8.625901;-0.1505504;0.7186136
1471129303;41.1758;-8.623328;-0.1505055;0.7186534
1471129304;41.1739;-8.625828;-0.1505491;0.7186201
1471129305;41.17479;-8.623318;-0.1505053;0.7186357
1471129311;41.17587;-8.623689;-0.1505118;0.7186544
1471129312;41.17495;-8.623167;-0.1505027;0.7186385
1471129313;41.17427;-8.624423;-0.1505246;0.7186266
1471135969;41.1755;-8.624924;-0.1505333;0.7186481
1471135970;41.17602;-8.625163;-0.1505375;0.7186571
1471135971;41.17462;-8.625138;-0.1505371;0.7186327
1471135972;41.1753;-8.625452;-0.1505425;0.7186446
1471136241;41.17507;-8.623175;-0.1505028;0.7186406
1548554598;41.17572;-8.605812;-0.1501998;0.7186518
1548554599;41.17592;-8.605977;-0.1502026;0.7186554
1548554600;41.17607;-8.606215;-0.1502068;0.718658
1548554601;41.1761;-8.607242;-0.1502247;0.7186586
1548554602;41.17612;-8.606577;-0.1502131;0.7186588
1548554610;41.177;-8.608015;-0.1502382;0.7186742
1548554613;41.17835;-8.606344;-0.150209;0.7186978
1548554615;41.17843;-8.606291;-0.1502081;0.7186992
1561603365;41.17179;-8.633919;-0.1506903;0.7185833
1561603368;41.17231;-8.635624;-0.1507201;0.7185923
1561603371;41.17272;-8.63341;-0.1506814;0.7185996
1561603372;41.17295;-8.635656;-0.1507206;0.7186036
1561603375;41.17311;-8.634715;-0.1507042;0.7186064
1561603381;41.17329;-8.635821;-0.1507235;0.7186096
1561603386;41.17332;-8.638079;-0.1507629;0.71861
1561603407;41.17353;-8.636728;-0.1507393;0.7186136
1561603412;41.17361;-8.636765;-0.15074;0.718615
1561603415;41.17367;-8.636011;-0.1507268;0.7186161
1561603419;41.17368;-8.633641;-0.1506855;0.7186163
1561603424;41.17376;-8.635652;-0.1507206;0.7186176
1561603427;41.17371;-8.633886;-0.1506898;0.7186168
1561603431;41.17372;-8.636163;-0.1507295;0.718617
1561603432;41.17377;-8.635924;-0.1507253;0.7186178
1561603433;41.17384;-8.635359;-0.1507154;0.718619
1561603435;41.17392;-8.635386;-0.1507159;0.7186205
1561603437;41.17399;-8.633837;-0.1506889;0.7186217
1561603439;41.17405;-8.634821;-0.1507061;0.7186228
1561603441;41.17416;-8.634764;-0.1507051;0.7186247
1561603464;41.17416;-8.636193;-0.15073;0.7186247
1561603467;41.17433;-8.634087;-0.1506932;0.7186276
1561603470;41.17443;-8.63415;-0.1506943;0.7186294
1561603473;41.17441;-8.636227;-0.1507306;0.7186291
1561603478;41.17451;-8.636236;-0.1507308;0.7186309
1561603480;41.17452;-8.636587;-0.1507369;0.7186309
1561603483;41.17456;-8.63632;-0.1507322;0.7186316
1561603489;41.17497;-8.634545;-0.1507012;0.7186388
1561603494;41.17518;-8.634681;-0.1507036;0.7186425
1561603502;41.17536;-8.632317;-0.1506623;0.7186456
1561603505;41.17539;-8.63268;-0.1506687;0.7186461
1561603525;41.17542;-8.631816;-0.1506536;0.7186466
1561603529;41.17546;-8.633243;-0.1506785;0.7186474
1561603532;41.17554;-8.631051;-0.1506403;0.7186489
1561603539;41.17558;-8.634853;-0.1507066;0.7186494
1561603545;41.17561;-8.630584;-0.1506321;0.71865
1561603549;41.17564;-8.630371;-0.1506284;0.7186505
1561603553;41.17564;-8.633286;-0.1506793;0.7186505
1561603556;41.17575;-8.629181;-0.1506076;0.7186525
1561603560;41.1757;-8.630706;-0.1506342;0.7186517
1561603567;41.17582;-8.627823;-0.1505839;0.7186536
1561603571;41.17582;-8.628642;-0.1505982;0.7186536
1561603575;41.17583;-8.628101;-0.1505888;0.7186538
1561603578;41.17593;-8.634938;-0.1507081;0.7186555
1561603591;41.17607;-8.630899;-0.1506376;0.7186581
1561603594;41.17627;-8.634964;-0.1507086;0.7186615
1561603598;41.17647;-8.634955;-0.1507084;0.718665
1561603602;41.17668;-8.631227;-0.1506433;0.7186686
1561603605;41.17673;-8.630837;-0.1506365;0.7186695
1561603607;41.17675;-8.629681;-0.1506163;0.71867
1561603610;41.17685;-8.630974;-0.1506389;0.7186716
1561603613;41.17681;-8.62838;-0.1505936;0.7186709
1561603618;41.17691;-8.631572;-0.1506494;0.7186728
1561603623;41.17694;-8.627374;-0.1505761;0.7186731
1561603625;41.17702;-8.634851;-0.1507066;0.7186747
1561603648;41.17703;-8.627479;-0.1505779;0.7186748
1561603659;41.17725;-8.631779;-0.150653;0.7186785
1561603666;41.17727;-8.631856;-0.1506543;0.7186788
1561603670;41.17729;-8.631786;-0.1506531;0.7186792
1561603675;41.17735;-8.632267;-0.1506615;0.7186803
1561603680;41.17739;-8.634787;-0.1507055;0.718681
1561603683;41.17733;-8.633864;-0.1506894;0.7186799
1561603687;41.17736;-8.633657;-0.1506857;0.7186805
1561603690;41.17738;-8.634634;-0.1507028;0.7186809
1561603718;41.17744;-8.632645;-0.1506681;0.7186819
1561603722;41.17747;-8.633433;-0.1506818;0.7186825
1561603724;41.17748;-8.632957;-0.1506735;0.7186826
1561603726;41.17751;-8.633164;-0.1506771;0.7186831
1561603728;41.17756;-8.631727;-0.1506521;0.7186839
1561603729;41.17763;-8.629753;-0.1506176;0.7186853
1561603730;41.17774;-8.627797;-0.1505835;0.7186871
1561603731;41.17778;-8.634714;-0.1507042;0.7186879
1561603732;41.17783;-8.627757;-0.1505828;0.7186888
1561603734;41.17788;-8.627619;-0.1505804;0.7186896
1561603756;41.17802;-8.630154;-0.1506246;0.7186921
1561603759;41.17805;-8.63162;-0.1506502;0.7186927
1561603766;41.17806;-8.631733;-0.1506522;0.7186928
1561603774;41.17814;-8.632894;-0.1506724;0.7186941
1561603777;41.17815;-8.630303;-0.1506272;0.7186942
1561603780;41.1782;-8.630719;-0.1506345;0.7186951
1561603782;41.1782;-8.630492;-0.1506305;0.7186952
1561603783;41.17819;-8.633647;-0.1506856;0.718695
1561603786;41.17829;-8.634622;-0.1507026;0.7186967
1561603788;41.17835;-8.63461;-0.1507024;0.7186978
1561603813;41.17856;-8.633629;-0.1506853;0.7187014
1561603819;41.17866;-8.634563;-0.1507016;0.7187032
1561603821;41.17872;-8.632591;-0.1506671;0.7187042
1561603826;41.17878;-8.632487;-0.1506653;0.7187052